70.0117
80.96156079999926
84.4237257999995
79.82271800000153
81.63211580000092
84.00530839999821
78.32126400000134
84.22722509999981
78.65258569999884
85.50755229999952
82.9245852999985
83.17824320000013
83.77752339999894
82.06326080000008
83.64818180000167
78.73802420000082
86.20031899999965
84.75687259999903
84.0920880000014
84.17646100000117
86.85945529999962
89.13122200000126
87.70540960000005
91.55408159999973
87.2726589000008
94.39598560000047
91.03059309999902
94.40649749999969
94.82721810000194
89.41001250000137
92.61115939999797
101.46578639999841
95.34121959999787
86.59109050000103
