98.1997
70.19530099999817
81.34792089999874
85.25961199999966
84.98668680000105
90.13773120000081
90.97515510000105
74.3938716
79.34898960000137
72.49101690000093
80.33644499999866
81.73209800000036
83.586609100001
87.85563000000059
85.17325120000167
78.29387039999853
74.23986619999977
78.80683800000115
86.58326080000042
82.9629799999999
84.42076400000056
82.53131290000027
82.57688880000075
89.75908679999921
95.51587050000093
94.48802960000286
83.34456279999806
80.95727949999849
85.64598450000045
93.19246200000066
95.72448320000177
85.38027869999965
84.46188720000026
93.28520350000191
