84.507
84.0100406999983
84.37448639999948
92.68744320000093
88.1063951000012
90.11264049999951
90.34553840000154
83.38709899999883
89.63736040000093
87.00383440000134
83.64076619999916
86.88668100000112
85.59588089999934
88.88584860000117
88.88937480000087
91.61399440000064
85.16628280000145
80.84031420000055
87.00205820000005
89.8817533000002
90.13004900000155
82.72713540000234
87.80743860000113
83.77212969999995
87.88389180000078
87.99534099999936
82.60541400000163
90.19798960000045
86.83253279999889
88.01035050000061
88.08658990000023
86.37542759999941
87.5680728000001
86.95650000000022
57.126963999998836
88.77391210000133
90.36605099999996
89.80977000000013
90.49015900000107
87.54032470000205
86.35089459999884
88.92681170000043
88.37566900000014
83.8064937000004
91.85092560000145
91.01315890000107
88.05566660000092
85.3887067000006
84.97785350000034
89.02392629999993
86.53123480000131
89.56888370000077
83.65463559999962
86.95650000000022
53.76597380000087
80.63389629999952
84.97041490000132
88.14420640000021
83.61091210000018
86.25059969999985
83.86216699999919
87.9604513000005
79.82234799999958
78.78462449999999
84.41406769999955
84.5483316000003
84.51579649999883
84.15236400000076
83.61386319999889
88.14239700000142
