75.8534
73.28111419999951
78.74099579999974
78.94739999999975
29.450968200000226
26.32730000000055
43.520580800000246
180.01829999999592
179.9999739999986
180.17999999999566
179.98110899999895
180.0199169999959
180.16059599999602
180.0199169999959
179.99835699999863
147.28658760000062
61.96890559999986
75.95058500000073
86.69450240000022
82.01897860000014
76.22728300000111
65.32789620000088
73.16460069999857
92.69879679999778
87.77911689999941
77.14652960000049
77.71264479999859
78.59828340000018
78.7931912000007
75.70488199999924
82.83592449999968
81.08110000000026
64.23556430000106
53.84250679999927
84.28574749999895
76.66481490000054
77.79113040000016
74.99268099999867
81.7884120999986
83.21379550000098
90.08548129999993
80.79119679999963
81.34088719999833
80.54008900000042
78.79908079999898
81.34914720000003
79.09475510000149
75.8536807999993
86.6777740000013
90.20643989999894
81.08826119999915
77.54146909999858
84.73980740000007
82.24510709999984
83.01157399999887
