88.1057
93.5758419999996
87.0121383999992
87.2488799999999
81.45993499999851
79.9862855000006
80.47860650000047
86.30938079999969
89.15856040000122
89.78213859999873
90.76597650000147
84.87797249999929
85.5770237000006
85.35220950000203
91.38860080000165
89.06544230000064
88.32144559999942
93.64086420000044
95.6313761000013
94.93670000000094
70.75162169999906
166.12689900000066
172.7016200000031
175.15770300000048
178.40729199999913
178.70652199999552
177.63125199999524
159.76206500000404
102.39269769999802
90.73323910000038
86.7872520000006
83.76722010000094
82.07315999999942
80.10679999999971
54.46545820000004
