156.658
89.17880359999826
90.86963750000024
86.34203829999953
91.75913159999803
74.19745560000096
79.63832080000093
86.27794190000071
84.06127960000107
85.30778599999957
91.10761920000122
93.95991350000072
99.11384749999955
91.05580400000217
91.65362070000009
90.16877280000088
80.70495359999805
81.93717749999982
84.12178249999945
80.16433799999939
76.52916619999904
79.07975999999951
76.70921090000107
85.44819370000147
85.65021480000124
87.53210659999958
89.5277623000007
88.00267159999946
87.40238960000015
