78.0234
84.8894292000005
69.2517911000002
81.71011599999957
42.28330000000014
44.893197599999866
45.45449999999984
26.01103309999977
56.7206895999993
101.9015620000019
96.00591200000137
98.32100350000135
90.61794899999833
90.771599999998
60.23247949999927
90.90910000000038
90.90910000000038
98.83741529999912
140.45128099999783
43.50979999999983
40.62751759999986
30.16589999999997
30.16589999999997
102.20973669999987
100.27171359999704
106.45036820000055
96.77419999999985
69.21422689999966
83.3467583999991
