76.9231
70.33467910000094
74.76869519999984
69.36111760000145
70.01170000000114
42.79310159999926
35.294099999999375
56.0501940999999
162.67112399999837
104.15989439999741
72.4416549999987
70.58819999999875
36.6909252000001
69.37330250000034
72.03363579999893
75.0
54.00456499999964
70.49407480000126
76.0455999999989
57.162695199999405
40.81629999999927
40.469848500000055
71.03821799999885
72.51097339999892
76.0455999999989
60.84342879999949
88.37735659999942
92.64107170000092
95.43234880000101
100.3931155000012
92.4646831000014
79.93084319999825
70.97204029999912
74.13613699999947
73.44320099999952
36.14459999999968
36.14459999999968
26.85947239999967
82.63846999999912
80.0
77.64293599999985
76.72629999999984
50.9853514999988
39.20673950000008
64.8649000000004
39.518606000000716
38.734700000000686
50.411788200000295
136.66930400000118
74.86885880000087
73.03374880000048
76.3534752000008
74.4780010999992
62.95788290000104
62.91250239999992
76.92309999999999
42.38120139999989
71.42859999999938
54.586980499998404
56.96547999999899
80.38610839999924
