69.4444
80.62617469999874
75.79213589999966
84.25841079999799
86.85873879999927
81.30079999999863
56.243919200000555
51.375593600001295
79.18119919999897
92.11713759999986
89.87303940000122
60.040345500000356
49.33452460000007
48.387099999999926
41.18895100000104
64.27764449999941
69.69768599999936
50.834742499999535
62.36269999999915
82.98698460000115
78.94739999999975
57.83181649999906
71.48059039999866
76.53511649999987
86.7381157999998
84.66795360000027
70.92394400000093
59.57163760000021
59.764686399998915
71.98230029999942
78.95480850000173
82.29609169999904
73.5126295999994
68.88629999999874
45.55580399999935
71.04859979999983
85.48396000000092
81.81757910000016
66.44944900000158
48.907566999999915
61.509301800000266
84.7121030000004
82.55192000000022
78.04497849999896
48.543700000000136
48.41215599999995
48.387099999999926
35.094356199998934
44.709310999999396
67.78395519999886
82.81983160000017
86.98492399999918
79.31451120000074
60.41429200000155
48.348100000000564
39.90011710000029
54.41801669999959
75.87170810000026
84.89000500000022
91.43850879999863
82.17000149999923
57.15950039999987
48.645151000000006
50.47108620000022
68.1346765000014
83.91689649999871
83.85531199999869
73.06405950000078
61.35963840000046
58.188793999999106
