64.4468
54.71009720000055
70.60900460000111
79.89224730000052
74.53022439999914
77.10241250000139
82.3175798999989
77.74595179999972
87.33094700000095
82.04917339999922
80.10679999999971
80.10679999999971
46.72006800000017
86.43689779999826
80.17636520000023
80.37281749999889
83.33329999999877
78.17509150000001
78.03805599999986
76.04122249999939
78.44780749999988
76.4799003000005
69.39386499999944
77.84219080000017
81.68019259999959
75.48596060000018
79.50866029999793
78.29815690000086
72.36027749999879
80.96507440000006
74.14050479999904
78.07221179999829
81.6796217999987
74.32643279999951
78.3674241999988
81.4458939999992
70.70332359999944
