67.4157
80.59990600000094
86.96105199999826
74.66810040000023
71.65214999999999
72.98571650000103
73.17070000000109
59.17391450000102
68.13521100000104
76.27166949999888
82.4535465000009
76.98536250000089
72.21298309999936
79.9322508000003
74.83881639999927
76.26165940000077
80.27444109999901
75.88513800000031
79.14215559999961
82.74854359999875
71.94711799999912
78.54602270000147
80.8642061
70.06100670000077
73.97280239999921
80.53177160000031
76.44738720000085
71.15056680000076
79.17030789999947
80.09863270000038
81.8295847999987
82.82041399999844
74.11358779999942
71.69583100000004
77.21630799999926
71.26479059999943
73.22044720000028
80.75677000000039
76.0899763999994
77.68498900000002
78.03477990000147
74.59171320000081
75.3596685
75.84617799999924
71.45849680000005
80.52567179999951
83.79653499999861
77.807757799999
86.74417339999908
77.84623480000172
68.40247019999958
77.09083060000039
77.39671679999972
73.50179460000118
78.42182619999997
80.0
78.04356609999931
83.52303690000089
79.01559880000113
69.18730679999929
75.5615452
74.81930939999967
72.34448479999978
78.13120599999881
77.7752089999992
77.80886900000016
