105.079
96.85759000000043
94.95448519999908
101.44391950000197
95.14921990000167
93.28540600000181
96.03452700000082
99.30625800000068
106.46261000000014
101.38088799999751
101.8304030000011
104.8394380000002
105.44800000000055
104.92076000000053
60.31215809999976
140.9497368000027
94.99119259999901
96.77419999999985
96.77419999999985
52.945084799999634
107.89997599999973
102.70771500000241
107.8533620000008
111.11100000000114
111.29218999999965
107.12043839999993
104.43524960000016
97.69864000000153
99.30818900000081
104.07232450000218
100.71776499999889
103.26266799999817
101.93800000000195
104.11258200000057
102.05029399999978
86.29960360000156
97.35285739999938
102.43300600000019
103.19033599999962
102.9632589999977
102.17671800000075
100.07464900000058
98.52171400000196
101.69500000000231
101.69500000000231
