109.489
91.69721040000213
92.48445479999883
103.62699999999772
103.62699999999772
50.587615099999255
106.16387200000148
109.08556299999944
114.0327770000002
109.07843400000114
94.88011750000113
91.7933428000013
97.0318619000005
96.99231070000009
98.71290579999993
104.06173519999899
110.3691349999995
109.48900000000114
109.48900000000114
84.07038539999961
107.06713100000148
101.5997750000017
102.13550399999865
100.4395832000009
102.09457750000021
101.80771349999891
101.7697360000008
102.32845199999946
99.00793360000047
98.64998780000089
97.50426729999896
101.39619600000222
97.91059010000127
99.11815790000121
98.34063249999835
100.99639190000147
102.3625124000002
105.24633470000053
104.55024699999689
102.95940880000147
98.0206432000002
101.62634239999853
103.81581560000129
106.58462899999952
100.36000059999904
101.28305650000078
89.46122000000055
90.77406400000064
91.90651959999931
94.20739519999714
100.38997640000088
97.65548400000206
104.37890399999802
97.85616090000082
99.42180950000125
93.24231040000133
95.73445849999965
99.13225539999974
103.29973600000048
62.63951960000051
51.21914960000037
72.51075660000056
104.2928103999988
89.87081750000004
75.68647340000032
102.73132119999856
108.84055200000164
104.33865999999931
105.26300000000198
103.07017600000015
99.62310410000211
101.37752590000078
98.40172879999871
100.71834650000056
100.32793700000227
98.39696950000163
101.66097499999998
103.27000000000059
103.27000000000059
38.39464860000017
103.68373760000075
101.49983840000088
97.40857950000087
98.76167800000141
101.8933299999993
96.77730520000044
93.18634620000047
102.71025799999983
103.08065700000135
100.0
73.77648759999951
99.74696300000225
107.87766800000028
107.99427599999811
101.17429420000262
100.64436100000033
95.88686040000053
101.83092200000307
104.91476799999961
