67.4916
70.7889920999994
70.62606310000048
71.49897879999982
71.88918879999994
73.08764899999964
74.49904960000127
76.95167969999959
78.15217559999822
68.63254380000029
68.70980149999946
73.77351959999996
71.22978939999994
68.36149439999967
74.96574240000086
73.93961510000128
76.06755280000003
72.55333229999935
71.33413739999955
70.23865390000113
76.94288509999951
74.85870129999917
69.31325789999933
70.06144799999966
70.73316589999868
75.279917899999
70.08486199999933
71.04308359999867
74.04633800000005
70.81861040000051
78.11249239999994
77.72930000000123
73.29353249999949
71.70002060000111
73.6379139999994
72.79789060000098
74.35492350000087
78.94739999999975
76.98071199999879
80.66934440000045
82.73283299999865
85.51657550000091
86.11060109999971
83.72200719999891
72.0535614999987
75.99324380000158
68.97073109999971
67.23529390000135
66.43625119999973
64.23344639999905
64.90424799999981
62.87715519999838
65.60160479999927
68.6989343999991
67.58990089999962
71.88162649999975
66.93790479999974
71.2117519999991
73.4385027999996
72.28919999999935
68.00271000000063
74.10438649999912
72.44994780000046
70.56509599999886
68.74641049999927
71.67823150000004
73.70368349999912
76.37718080000049
76.73724000000038
68.07329299999968
70.33018149999977
71.66288999999988
67.17206109999975
68.67604219999897
73.0353017999991
69.62656079999881
72.04437759999983
76.87211939999808
72.45269999999998
74.39399639999995
77.66462000000006
69.51707199999942
