66.5927
73.13773300000139
73.17070000000109
71.81361700000146
71.8187081000007
68.18179999999917
68.22176400000075
71.46417400000043
72.95557689999856
77.23478799999995
73.96328280000058
70.42611829999935
75.09948959999895
73.56251550000023
69.81515089999897
70.53415379999977
75.34647559999891
69.79891999999813
70.43522699999922
70.35750119999915
71.94065699999936
72.42856540000105
71.00210279999946
70.16855399999977
69.44273799999901
70.26048500000054
73.75172640000096
70.89356349999886
67.14546799999904
65.934099999999
68.76784070000033
65.80210360000049
71.58446249999857
75.41109020000026
73.56887359999978
73.08159999999975
52.74507420000088
129.95979249999831
65.30667879999895
66.36693159999916
72.41811280000105
71.47504520000156
70.83830000000147
48.49753540000113
115.17930100000062
87.38015160000161
76.63662910000019
73.43832809999975
74.0836607999995
72.40426619999967
76.9430589999997
83.08074600000013
79.8802706000004
72.16470560000128
56.893968000001266
87.7922200000001
78.52184239999961
