64.0342
67.41569999999909
67.83322449999963
67.68000449999892
74.7511149999989
69.4504960000008
68.25940000000094
68.25940000000094
51.61228700000011
53.434208999999846
68.28770549999868
69.02126860000031
68.81047879999878
67.57045219999947
68.81293629999864
73.8601660000002
68.53947930000128
66.49131389999927
73.34214339999926
70.79157679999898
69.62849599999937
66.00660000000047
45.70043999999986
63.47993639999887
69.296606699999
72.89372460000125
75.95507379999874
75.97508539999893
76.45534980000109
72.21600180000077
70.06966499999889
72.20469949999946
70.64057499999845
67.85736869999916
71.77735019999989
68.57344259999925
68.80455839999964
74.6171963999998
70.82757839999935
73.63030279999879
72.32483680000033
70.24259039999986
68.73646259999866
74.44099199999908
74.16411439999922
60.55582249999987
64.45657519999995
73.66078160000028
70.19558510000147
71.18427749999991
71.58353099999974
67.31814840000189
69.31389719999896
71.67916469999948
71.31249679999968
71.04755999999985
73.98269999999955
49.537802599999644
67.55773720000093
77.20301639999995
74.42045460000034
72.3628969999989
75.17339380000058
77.9566025999992
71.6250029999998
68.32921119999989
70.3687543999983
67.98716309999922
66.72927510000034
76.50570139999954
75.72695320000142
