72.2892
73.66357299999918
74.972223
75.03474300000086
73.15129099999956
72.03101999999936
77.62745070000007
88.3054460000002
87.46886209999984
83.94208749999972
80.17543200000092
78.05788910000082
81.91618279999965
80.40203270000049
77.21998149999936
70.8602960999991
78.35900399999913
81.87633069999941
79.96321900000046
77.9160312
80.0
50.171164100001036
80.13587090000044
78.4262041000009
93.21408429999941
89.18371379999925
80.21442700000068
74.27198080000001
75.43725399999981
69.07988440000089
64.63341000000104
71.20484160000011
67.52672289999927
68.93103680000014
78.10359649999855
85.11452500000135
83.83785399999941
82.60133499999883
87.46457199999894
90.2934846000014
96.42498090000299
88.50250300000064
91.76644180000052
93.64329640000169
85.33672929999936
88.92921140000003
86.25250679999915
79.56625610000016
82.22218380000142
75.19283799999982
73.08129959999874
76.35679540000028
76.23568379999857
74.3356390000012
77.55357189999935
76.86015850000102
71.22936900000012
79.6096300000006
73.37798899999972
72.28919999999935
78.46359480000017
77.48090000000019
78.62351059999827
90.04168399999983
89.61893439999817
97.80331400000144
96.42730140000093
104.34399800000072
103.61921920000022
100.2641931000022
110.38314100000017
106.18195200000096
101.03121399999938
98.85451700000023
106.20018399999888
104.2161970000014
91.81673540000179
89.68062699999902
86.1245829
83.8360730000003
83.44496479999904
92.95806999999955
99.45899590000083
96.50909440000137
97.18562490000126
102.72225800000056
97.32848650000014
89.51315239999903
97.52098400000187
97.41039309999843
101.62354999999879
98.15572000000166
100.2083076000004
100.96160840000252
99.0311802999999
97.15963150000114
103.02404600000202
105.1816020000016
107.61691699999996
105.0476709999998
103.77614400000087
100.83372479999963
98.23537400000131
97.21060160000077
109.40113399999883
109.0005579999979
106.02447700000063
103.95555800000038
104.34775999999947
107.23928599999749
113.92222700000188
113.10735499999876
106.11429100000177
97.31875
88.54963529999945
93.61266199999909
96.22034200000077
94.08211909999982
87.02660639999995
87.49130969999932
98.69949529999867
98.36524740000111
94.16218510000125
88.9920876000006
99.1016635999996
102.07861299999895
102.09781610000044
98.33007000000046
92.15700570000048
87.8520103000011
