70.5882
84.05063200000066
79.38266399999979
63.32237
64.3888243999997
72.59232280000006
69.96429319999949
70.25090990000098
75.93236880000092
71.02176799999889
67.69838639999978
71.34052740000034
68.87519059999944
70.98304679999943
72.36349440000001
69.0234852999992
70.8775607999998
73.35654779999959
69.50000079999933
76.20780720000089
69.27397079999874
65.66062120000028
73.13063199999998
66.73969040000102
70.9312885000008
71.55692699999966
65.09604019999915
65.30089800000086
71.42859999999938
70.23676869999892
71.81908919999907
74.62731349999918
70.52939909999847
71.885230400001
67.78283339999925
63.36310080000012
69.44132839999874
75.94939999999895
44.78273849999969
75.91667959999964
72.16979759999914
69.17736309999977
72.63498800000067
75.4170056000006
76.44
77.6009171000011
70.1739240999997
70.87386740000039
70.85756319999929
70.66147280000054
74.92576829999973
74.2105559999996
77.89725479999898
77.14359059999913
72.16590839999857
72.96829999999896
77.62816770000077
70.0189963000003
74.41333529999994
71.42963020000126
74.01711099999993
70.59938339999857
70.72804769999927
75.86464529999996
71.04320099999865
67.85305590000054
66.5927000000006
38.78622500000013
61.11794100000085
69.0830642999992
