74.1656
74.34117349999896
66.69243470000069
61.892395000001414
61.268052799998785
62.79533999999967
66.55866989999964
65.11713809999897
67.45053810000047
67.49160000000063
43.395176000000006
56.056043999999964
63.64619599999918
70.71297680000202
66.15209999999949
55.95485199999976
46.136016800000455
63.64514480000031
65.20045560000065
66.50881749999921
62.86344079999831
61.22449999999854
39.2261026999999
72.18120639999928
66.91694889999913
70.92723090000014
71.89706819999833
66.65975000000091
63.70778649999871
64.31719239999896
70.78349919999918
79.8306559000006
91.7078506000009
81.25086699999885
65.14604959999967
70.64534339999875
71.9250922000013
74.61464680000029
