68.1818
60.66515800000061
59.45131039999946
57.885422299999036
58.655945199998996
66.87927800000075
70.46278730000118
61.196251400001536
56.75426720000027
63.756271700000006
59.2153485999991
59.17902580000037
62.50360799999937
57.66045999999978
63.48115159999937
63.43675210000045
60.180717599999916
63.088969800000264
64.02405619999969
57.40158800000042
63.948235000001496
65.38413870000007
61.01475159999995
58.93057999999875
57.41629999999908
44.747900000001216
49.04265740000055
65.40802199999926
72.84190869999976
78.64841999999835
74.13442970000035
65.08495619999873
66.63928590000043
65.501512000001
66.84634029999911
67.41569999999909
68.45649640000087
76.59666999999912
74.9159304999991
77.24933719999967
72.60335070000137
67.99967919999959
66.66670000000114
66.66670000000114
71.03706599999931
71.51893529999882
70.9984973999989
73.54337039999938
66.78551920000088
68.4312839999981
71.86200079999965
70.78653439999866
75.26657309999968
70.52809749999902
72.21591699999897
75.4364799999989
78.1472976000002
82.54291659999947
79.33463959999985
77.46661360000137
77.93707399999866
81.40059119999898
80.6574016999994
80.94784820000086
80.75370000000083
67.34858580000063
69.08284389999977
93.64976199999916
83.08573480000074
93.54478220000004
89.0848948000014
86.83070000000072
65.97455909999942
65.71477629999978
89.51284530000078
93.35344689999899
88.76916700000143
92.35923719999991
89.81927669999868
86.15029659999956
91.70008220000163
89.27173029999997
97.30529999999854
102.21499999999767
84.92744239999809
44.758069700000036
105.86684880000041
106.92224900000234
101.5826319999996
100.9909614000006
106.7444329999995
107.34400499999731
108.09412099999831
106.34776000000141
