71.3436
77.35317720000036
77.99800329999978
79.25212909999989
83.45278200000043
76.31202290000051
72.81683799999982
72.10884230000055
82.64235299999994
76.1941099999994
75.36074599999893
82.77267739999984
80.62778509999872
73.5221226000015
73.5797251000008
82.32162419999851
83.7663952999992
80.21053919999898
82.85386999999963
79.51985560000028
79.3335038
79.81846950000009
84.499970399999
86.09058369999859
85.96432539999864
82.03573700000018
89.0917124000006
87.03737560000151
76.37929720000044
74.52024500000091
