55.5042
61.81077099999961
61.66715599999961
63.751473999999895
60.57146079999913
61.88147500000132
65.69986639999888
61.388481000001775
60.70406630000028
67.12143680000109
63.968647000000075
68.91541510000091
66.0793471999991
66.12029840000034
63.44369689999895
68.60115119999924
64.9998222000003
71.14354329999982
67.5281032000013
60.27527819999894
65.70816839999885
61.311372699999005
56.604315800001594
64.89977719999892
59.377618399998994
52.737297499999116
56.38245690000088
58.79320229999886
53.26265009999948
56.763537000000234
61.83575150000047
55.52444070000043
64.5359830000014
68.12327080000014
59.248525600000704
68.74901649999943
71.16135279999939
74.59803459999956
76.80000200000022
64.01544890000147
67.02289829999988
71.11728549999938
62.54231200000119
60.06010000000084
40.69220080000007
69.29405760000091
74.57450640000106
68.83534720000006
64.82138280000011
72.15848599999961
63.623178200000645
60.59343159999907
66.77903739999928
69.43278300000101
64.24775669999978
76.43611500000017
80.1101385000015
69.69779850000045
58.39988100000159
65.93961249999916
61.38920399999903
61.333480900000545
71.12606719999962
57.747799999999046
57.544208599999266
68.460855
72.38290559999994
59.269816999999385
59.935466800000356
64.93883720000082
