57.1429
53.29576400000052
52.03355749999974
52.903622
53.627126000000835
53.64511480000067
55.401429600000775
57.03315020000045
53.20950020000022
55.65860000000076
54.541245300001165
51.10179960000106
52.68988400000076
53.11023960000095
53.189439900001
58.116798399999546
59.747749600000596
54.00540000000017
51.2450638000003
26.631199999999826
51.023047800001066
54.48198879999911
53.173526000000535
54.16468049999933
58.62666879999896
59.881374500001186
59.04196549999924
58.76589999999899
42.55683670000075
37.87188899999979
53.52742200000054
57.55200379999892
59.290949799999716
54.54550000000016
52.00197999999991
28.215839000000337
55.60700000000147
57.0247954999996
55.29918239999907
56.80359379999983
55.29330760000008
52.03143909999915
50.519640599998915
51.98824049999893
51.46904949999977
53.050400000000074
54.577835200000216
51.092508800000985
51.586378800000304
52.6316000000005
39.421256100000285
38.222911200000645
51.68235100000021
49.58679999999926
49.58679999999926
27.495841000000475
49.78107899999938
56.38718349999931
52.21538090000092
51.04199850000145
54.91649550000021
55.41433920000109
49.9584000000009
49.9584000000009
27.210451199999312
38.42192219999992
45.74733499999913
47.58088159999931
49.23497519999959
53.09730000000081
