51.2821
49.34976720000001
46.875
48.555651000000616
48.780500000000615
33.503550200000156
26.258200000000198
39.92562370000039
61.85570000000006
48.85367269999972
48.156427200000465
52.076734799999656
52.32453119999881
48.504515999999846
53.050400000000074
49.997893399999896
49.54579999999988
32.535834000000946
36.63422239999955
50.66816049999893
51.326246399999846
52.17390000000103
53.564412500000586
53.16130350000078
51.47458280000043
50.24541750000082
50.45807039999947
51.70413660000054
51.32590000000114
48.68756920000057
48.348100000000564
31.31488580000045
36.686968399999486
52.339769700000666
54.735553200000666
48.387099999999926
