111.317
91.9785283999996
87.5561597000014
85.15773469999881
81.76947440000008
90.62408950000031
88.65498560000047
91.2355177999993
100.71227420000093
99.43843599999984
85.99621540000098
84.38820000000095
77.16692860000074
126.27421569999862
102.30191330000186
89.61995570000147
85.64096559999851
86.04590569999984
102.50315490000177
103.54591300000136
97.7277831999999
95.08719999999919
95.08719999999919
39.13815430000018
96.74823360000197
94.26000009999854
98.21499379999825
93.89669999999853
61.471954299999304
101.50276200000086
105.21319000000132
106.17443250000056
108.08541699999749
108.89299999999749
53.29101479999995
135.88555200000266
93.25294360000048
90.90910000000038
35.95620560000042
48.77945699999962
102.07960999999924
98.99534290000088
98.36070000000086
36.302804399999474
30.014999999999617
32.35005110000007
124.59908700000113
90.0237036999992
95.12250360000064
95.06784249999947
92.08011959999965
93.75
55.37217919999902
49.58679999999926
30.473749199999013
92.47129530000058
69.5983945000006
101.69500000000231
99.75959200000204
101.43905500000126
97.46422500000105
91.32113009999794
90.771599999998
49.43033819999775
34.91870439999995
99.58019940000217
101.63031799999915
102.23541980000098
101.43873160000045
