121.704
136.18745000000197
125.4550349999976
134.16292900000133
120.96595300000054
126.51037600000052
131.11600100000143
127.56688800000063
128.43867600000024
128.11854799999836
125.93962000000049
124.80329599999997
127.55223199999953
132.3826919999984
127.05284799999727
124.98056199999682
131.81752999999983
123.01515099999922
121.57466399999714
124.29369400000071
131.2284300000015
127.66208299999901
122.3829640000015
117.94888200000031
126.26287399999775
122.90450299999858
124.26143199999822
122.71278500000088
126.9308360000001
126.68681400000152
120.31440200000014
116.23285900000278
117.0194359999988
115.2313070000025
112.17042200000095
120.70183399999706
123.518904
127.15995999999971
118.75902399999792
93.03083199999878
121.67347999999814
