89.5522
75.82505220000131
73.4630937999998
80.28324819999948
82.97562269999875
80.93745599999997
66.20142619999933
69.67512240000075
89.2059088999996
91.86648330000024
83.72849380000017
80.50173729999902
82.25033149999987
93.15370640000002
92.87249040000111
88.67588100000071
93.76811010000095
89.01092799999948
97.51494780000077
104.36362999999967
100.14121620000124
101.33442480000093
97.58208840000106
65.27424080000024
92.0598011000006
92.19240160000145
96.0363001000007
103.11635900000164
102.6487520000025
101.03653690000168
97.20806159999985
91.5055504
87.67635799999954
81.30789279999846
77.85931690000082
86.10259660000041
85.35452459999911
81.58279839999825
84.99813889999946
84.8598120000007
94.37439199999979
87.30797000000118
93.34507519999968
88.35680900000091
84.97988469999969
85.28777800000036
92.8678379000014
85.86591679999968
84.0269566999984
85.69200120000053
86.5617300000008
87.97594690000109
91.59396699999776
89.27786080000072
83.89132949999846
86.20648400000026
81.8459716000002
79.94483299999949
83.48391099999891
83.40386019999896
79.36573030000024
82.42492909999898
84.84720860000004
81.45535520000034
85.90669060000089
83.38615039999905
80.07109349999965
82.56278749999976
83.33329999999877
77.09657060000006
80.86820639999985
87.64544550000024
83.05622440000245
82.2995404000006
77.29060019999977
70.4615575
53.80456959999951
80.79323839999911
79.99002510000138
75.1033535999995
75.43607299999994
88.62033760000013
84.73143919999993
82.56205059999876
83.66068000000035
83.09303900000077
76.30339920000087
78.15445079999995
86.26335240000165
82.5422352000001
78.99750229999967
85.76268050000026
86.1534209999998
83.48520650000012
74.8414747999995
84.18425299999969
83.81855399999944
82.3927304999988
78.36779730000057
78.36378859999907
89.43509839999933
80.48876659999841
78.3851130000009
82.64066639999874
83.8532490999985
82.20985780000046
85.61677619999804
78.64071400000061
83.87939710000084
82.22899099999974
77.23314539999942
85.14551449999988
87.60367519999986
83.21257149999802
74.85978759999942
76.32219839999907
86.16228750000103
82.24618319999847
81.3421013999997
76.9597259999988
80.68289799999944
85.52381049999998
84.2485356000011
81.00616099999976
