25.3271
65.21740000000094
38.83886470000027
26.320117799999906
60.13097160000054
61.73854759999948
65.0980279999993
61.178636999999824
59.19208849999895
64.81642640000024
67.63987150000061
64.51791139999945
63.157899999998804
50.42791389999961
44.511365900000236
100.19482130000127
99.23011600000112
32.68736150000049
58.823499999999086
52.59483119999974
33.707900000000535
33.67419210000053
86.69398400000095
155.80118700000008
157.39189549999807
81.04697400000066
68.23038399999886
70.12966609999903
64.28836220000201
67.56998799999865
75.35428599999882
66.5927000000006
66.5927000000006
42.776344700001175
118.70014499999887
151.55080900000158
102.72208300000032
70.36675719999987
65.32689139999908
72.2619007999985
72.10419599999854
66.56980640000002
65.14660000000002
40.87355180000076
40.34891739999994
69.2169774000002
75.13832899999892
73.7633881999992
67.56432339999945
72.21428420000032
76.69310789999865
68.4906600000007
65.21740000000094
43.70933660000083
111.35977550000143
82.74680400000088
71.9363160000011
70.45863600000096
62.81135279999844
61.22449999999854
33.154559000000035
43.673724000000654
66.66670000000114
41.42688219999942
64.98792930000073
70.10597049999946
69.78148130000025
65.83534710000005
68.00615510000004
