69.1244
66.7607824999989
70.23769679999927
68.01263339999946
65.64613919999955
64.96792319999949
66.66060739999905
67.15910750000099
65.60816559999911
74.8478908000008
68.56352009999976
69.84870000000092
68.61608430000057
68.30044809999922
69.0241766000002
71.12319349999929
68.3503704000005
71.48222399999864
71.4588401000013
71.4920749999988
72.73167500000108
70.59262589999868
69.86673799999977
69.40524899999934
70.82677199999931
71.73781950000088
69.27515519999871
70.14430259999929
72.27656119999911
74.03132479999908
71.47124699999868
67.25471999999884
49.82986350000096
78.47883789999975
75.32653809999908
72.39026849999934
71.1063004
68.53804210000033
64.16518790000053
61.0987117999994
61.74793450000084
65.21740000000094
64.51273359999958
66.70381999999908
67.03789950000123
72.51198280000143
71.28600099999954
71.46808879999992
70.89265849999975
72.3764
40.51217449999988
62.06711480000056
66.01834899999935
66.37180060000075
64.83814639999973
64.60439609999911
68.24116509999962
71.69397439999968
72.27624119999935
72.28680839999873
70.25557169999948
73.37758889999958
74.91526340000122
75.4682159999991
73.76119119999974
73.04998439999926
71.62240799999931
66.62986139999965
64.87743800000098
67.17093780000063
