69.6864
69.90014499999961
70.04704059999955
70.71708989999928
74.35626390000064
67.54196040000073
68.06697800000086
68.07376080000031
72.30252540000001
73.41983039999953
71.66268319999938
71.46868420000114
69.60209999999933
69.29749600000032
68.53761599999939
71.0786980999996
70.94768399999852
70.63667199999956
71.70522599999897
70.95599599999962
74.02291599999975
72.76168649999953
73.03142300000088
74.87682559999921
78.88118330000093
73.7988171999994
69.44526569999913
70.18254539999862
67.86302280000038
68.70212470000007
68.18344999999823
69.15707899999856
73.26146289999932
73.08159999999975
