105.263
61.12494540000026
134.07548339999744
111.78037000000347
98.48963000000172
98.66963150000069
100.2502796999992
96.26844400000068
95.70948600000077
100.97109959999985
96.63363969999975
102.68018600000065
103.7707541999994
103.76138500000016
96.65420750000196
97.87512900000131
97.58445339999953
102.55889999999789
102.72495599999701
101.00958660000089
104.14507200000114
110.49537000000149
105.46919499999888
99.14424020000095
101.99526500000084
100.6712200000024
90.34060039999913
66.16229520000161
90.71179699999976
98.21823920000129
95.05614420000154
97.30624480000193
95.36966849999978
99.61314610000022
94.13380919999757
90.771599999998
55.18585349999947
79.66003039999997
