100
102.03199200000073
100.34099880000176
94.92258600000103
97.79239619999986
98.43871200000008
101.41508950000002
103.80623060000109
107.55480099999994
111.47833899999874
103.26584000000248
90.40108450000224
85.67797419999941
97.77941439999832
98.73784260000052
99.67217060000206
97.57088659999901
104.36995369999795
97.20075550000135
97.18035720000026
96.63726580000053
94.23832200000115
97.60513939999952
96.22925159999868
92.70996819999976
101.03803029999845
75.61648599999961
90.84791369999994
97.33663990000181
90.7274597999991
90.5589490000002
96.393326500002
95.69122799999964
101.12954520000058
97.57486800000115
99.52782570000065
96.7681740000009
96.92797599999902
93.71504000000205
96.70191899999845
94.84150120000093
93.0192040000009
95.07380660000112
95.91669810000069
98.72552380000101
98.6792058999994
93.13810280000247
95.3533097000021
89.5976658000001
99.58956199999794
101.69177550000197
96.05861909999872
103.96781150000088
96.16907249999971
96.4625
98.39243980000197
94.36395200000179
98.03987960000002
94.44662640000143
95.83650390000065
98.21176249999867
91.65102920000187
98.74234850000019
91.12637500000099
80.59445190000014
84.79396300000023
89.7742579999992
88.06486390000121
87.94216240000036
93.57772049999959
