74.0741
76.16455680000125
76.94353090000006
67.88544200000129
69.25271789999883
70.32800639999833
70.55979239999971
76.97037559999808
74.87040210000062
74.44170000000065
78.91261750000011
122.26073389999938
72.39766899999958
69.44583430000112
69.6839076999998
80.98404840000032
77.95417919999997
72.6127619999994
66.0670200000004
49.43409499999944
77.06047999999839
83.98774330000202
84.24397180000011
80.00254900000057
53.626719199999506
78.42449700000044
75.18617199999903
70.93123860000077
76.4019399
73.84299239999962
76.07872800000099
81.15657189999915
80.59447170000072
74.27489390000098
80.0266414
77.15268990000082
76.32546520000031
78.63679540000085
85.83689999999928
58.813335999999914
80.71372579999952
83.18050079999935
87.54227929999986
86.85733249999899
90.7860694999998
89.80505470000195
80.45019459999999
50.491914500000306
75.36033570000039
92.46170170000063
84.02251099999856
79.25572960000082
83.06137139999974
78.94739999999975
77.28176679999873
80.19061600000119
78.70460529999869
74.03154960000037
74.40827990000075
75.52903670000151
83.87323549999846
78.51921980000009
78.89527959999928
77.62490679999895
70.13556640000026
72.92722999999883
70.7324266999994
70.63102089999893
77.02209320000085
72.11502320000044
71.85869929999905
72.03706499999943
69.12781849999872
68.88629999999874
36.60924750000085
59.99419459999949
74.1456990000002
77.95582980000022
80.76713000000011
81.2682624999983
82.72315300000119
79.57470290000055
75.77642170000043
75.56680000000043
39.041156300000786
100.99076500000002
93.51466640000176
89.65622760000188
87.56246860000019
84.06069060000102
75.20091120000058
80.73195439999924
81.57314060000083
89.55220000000055
89.67578970000122
66.70293539999984
70.36473720000012
76.85757459999827
76.4687124
71.51370000000095
66.97260810000151
130.7515513000022
150.30049000000284
133.42995900000045
79.06164440000113
75.2001503000005
82.63515299999976
86.24171720000024
87.6485885000013
95.24317399999956
98.0129071999999
85.50075229999976
42.31309999999954
52.671046000000096
88.45922740000029
86.28465379999926
88.16492720000015
93.79930120000014
101.43883110000056
83.97675720000021
80.2403009000002
93.89669999999853
99.09977500000055
96.77419999999985
70.07664919999887
103.44800000000048
