76.8246
75.56408220000063
78.48469660000045
76.40802400000092
76.82981079999998
76.59052749999911
76.0455999999989
78.19888230000004
75.6244849999998
72.71212560000022
71.60020949999985
72.28919999999935
70.16596500000094
70.3282064999986
77.73306160000055
76.20061919999901
74.7595218000007
73.0213812000002
73.42823819999965
74.96279680000114
73.02600099999941
77.05354450000023
80.58616220000157
80.37571449999972
84.67855910000033
82.82483370000132
83.22656289999865
75.16284599999928
75.49448279999812
74.16465479999931
69.00269220000084
77.24427980000236
76.22019230000039
76.71137499999868
78.25167399999933
74.78806239999916
77.0594624000001
74.28677599999921
77.02176399999897
71.97224240000051
69.72460399999959
70.22317779999928
71.24410119999995
67.7158372000011
79.3015437
76.14020240000096
79.1613375999996
81.15303649999998
74.74529899999914
74.90436520000013
71.98516880000109
70.78677339999889
75.56109649999964
70.94729400000007
71.88824399999972
71.1337016
73.54327879999963
70.3607925999992
71.07917899999953
75.08050099999997
70.19202400000097
74.92512400000057
82.12655
83.05940600000166
77.5950379999994
77.24468349999981
77.09486140000115
72.98834559999945
74.49699459999992
72.28919999999935
