90.9091
85.10304750000203
92.5134249999984
90.89605750000088
90.76763949999955
96.51735650000126
90.67680200000002
87.74466209999977
82.19180000000044
70.31037029999978
56.43555600000078
86.81918459999999
89.77181770000017
89.80610480000006
82.19180000000044
77.5989216000004
55.51764599999944
88.02821100000008
85.01112140000203
94.14128719999901
87.43870399999965
87.53290040000142
87.73458490000019
89.0379310000012
84.50337869999932
82.14229999999915
82.3442645000004
88.31973500000021
89.1439610000008
82.38170959999951
82.76321689999908
87.23711220000021
88.088384400002
84.31851919999937
85.00721500000022
89.26488489999996
83.23421359999826
81.71059150000053
78.60876700000132
83.80612319999953
91.08275760000215
93.73814320000015
88.91297069999918
77.6810530000001
80.51512540000114
86.81772639999839
84.50699999999887
58.88036430000042
62.92522649999883
84.37762430000154
91.53363020000135
93.70507630000219
86.99101479999877
80.69642679999967
80.10679999999971
40.968757600000664
105.30130429999987
85.9025090000003
