93.75
85.3737246999994
85.22692759999961
86.71714530000179
85.18472549999868
85.11805950000058
86.76790519999919
86.28043800000023
69.71201670000136
75.26040770000033
89.46824519999868
82.34868300000055
79.74979610000014
75.6545656000004
77.99170480000122
84.82423040000025
87.48357190000081
92.90851539999937
79.34190540000078
76.04324880000117
86.78406930000097
86.67323199999902
80.20512970000044
79.4180970999991
87.7129719000002
86.7644182
80.52798379999784
73.21727779999998
78.75482820000039
80.56004140000067
84.3975959000001
81.17875520000035
81.15641520000075
83.37838140000035
81.25115260000062
79.53908559999861
74.07409999999922
77.77780799999975
73.78832720000075
76.41753580000007
77.75236599999945
79.68759119999964
82.0220899999988
83.33329999999877
52.290552600000716
78.5386098000006
72.73439639999903
76.81392030000089
79.74507520000108
80.94946959999984
86.93310580000123
86.61687919999868
78.38495169999852
70.25407819999926
71.73229459999958
68.08919250000058
72.32617279999941
78.2469898999997
82.77839869999859
81.38575740000005
77.92210000000074
45.38940059999947
76.67652249999934
76.0455999999989
72.471456799999
14.93554790000019
23.446700000000337
39.39330140000063
173.13931250000047
175.997763999999
