103.986
109.15941199999719
116.77436499999702
109.43412200000084
120.02785799999702
115.94874400000063
117.4210089999977
109.47802599999855
108.28085200000008
107.51461999999744
104.65397299999908
110.12708800000097
115.44326000000086
116.47030499999893
109.3339299999985
103.9878749999993
105.85725999999815
101.12080000000132
97.827444
92.83990870000032
95.76126439999882
101.85624960000025
102.97962500000082
105.07380000000045
105.06963900000106
107.44527199999918
107.3033480000016
111.69612499999826
103.45802500000129
99.0549993999984
70.79892750000224
102.86561499999765
117.80590600000005
115.74611700000196
119.17830499999883
118.68923299999871
101.22310090000212
99.8850684999982
106.31143200000197
115.84610799999668
116.23225999999839
123.171288000001
109.17948400000104
104.54188960000089
98.66563439999896
96.46316159999871
102.68266240000081
103.77362080000104
80.35073639999939
115.32905200000258
70.92434199999963
96.041517900001
106.64320409999955
106.59559900000185
107.95438400000032
109.28719599999818
