63.8978
61.411367500000615
55.115124399999864
42.44036560000022
62.42247999999964
62.857599999999024
67.4338518999993
73.9642939999999
66.0355302999988
69.16593549999865
66.58566360000113
63.020350400000176
69.04490000000031
66.59334920000086
60.615921799999846
63.569948000000686
77.37395040000067
71.60070959999959
68.85217809999864
70.3992890000013
73.46502990000114
59.11965920000033
62.02049969999909
66.27970399999913
64.24995359999905
65.35636440000063
65.42099880000097
71.32036339999934
66.95014299999956
67.06047249999915
71.74271899999937
73.29766849999871
77.99710649999973
66.06494239999917
61.087633999999426
74.32886799999852
65.39084140000026
71.06770510000071
69.97306820000057
61.04113260000019
58.881300000000536
40.53298240000016
62.479329999999266
64.16328869999958
57.34421080000096
71.52555539999939
70.22894789999926
61.97534319999862
70.54974240000087
66.64829999999903
63.44879439999915
67.30811999999905
62.71635759999991
61.34173050000166
66.30476540000089
72.66132399999924
64.23716260000052
59.05569999999946
62.400337900001155
69.07023999999917
74.10092399999982
67.6680803000003
67.0996759999984
69.53457999999866
68.27297200000092
59.18361399999898
58.39340689999961
59.83147329999982
61.16934879999917
68.67568739999871
