90.9091
81.69857660000011
76.86252249999995
81.18588299999895
74.51018560000087
79.81706800000073
76.47820749999882
83.52729480000113
80.37720339999889
83.26330699999883
78.73013579999993
76.5019506999999
77.95157960000118
74.75535200000108
79.16188409999963
79.5000463999986
76.67897500000039
78.94682480000073
87.54985520000129
88.72016199999989
85.73673590000062
80.09526600000005
66.71019680000117
71.16116110000007
94.81812000000063
86.53190499999897
83.95187950000013
81.56890490000062
83.22173619999873
78.15183299999978
57.19819400000057
46.08290000000073
37.66346209999957
128.5312142000022
92.16483839999749
85.08486210000136
77.36101939999966
78.55271369999916
80.31241869999985
83.76404789999918
82.63703769999996
90.08041160000174
88.71861120000196
55.09184160000008
80.29382599999991
78.15293639999963
76.315
80.0
75.84005300000011
60.158381400000756
87.17849970000037
93.19745750000202
81.60320649999949
73.21833599999901
78.9921769999979
82.04908439999882
78.44752879999893
84.58281119999872
87.06088550000031
79.11699210000069
84.83365999999991
86.48478720000101
81.60790719999885
84.45948060000003
82.97853199999876
74.50643999999915
75.61693279999847
81.97437659999915
81.3909992
83.13693880000025
82.14181460000025
81.5435451999999
91.83948400000172
91.94283129999846
92.99944640000002
68.90707560000074
95.9490936000017
87.39035169999954
94.45976499999973
91.20977839999911
99.19782670000072
90.42384890000083
101.86276839999834
94.057444599999
88.85851280000023
88.36520000000017
47.658406999999144
82.40310730000004
82.73429839999962
86.63241099999924
83.42095359999966
89.06111640000063
97.15273030000196
87.00501309999926
92.40532350000001
89.92982850000105
90.68329040000002
96.76729969999853
91.75931230000053
89.741111000001
87.27632530000126
88.39315420000082
91.37143720000124
87.46516399999908
89.34949500000172
91.68058449999995
93.12565600000048
96.94600249999972
89.50261839999801
78.86892059999971
88.01255490000159
86.32354579999952
91.0479774999989
93.09655390000016
98.8270013999999
92.1817784000002
83.4240631999994
