85.592
99.93981980000035
87.96820960000093
80.12322880000016
81.5097604999979
89.50781949999897
102.63809700000141
104.38312200000122
95.73530120000108
83.21779999999887
63.893726999999764
104.29008999999809
103.27000000000059
76.0966170000001
108.06756000000077
102.06937119999851
90.72544849999983
85.4037850999982
75.01391600000024
42.253499999999434
42.253499999999434
101.07133099999918
104.67866799999679
88.9332019999996
85.56616000000123
107.04328800000098
104.08073880000113
88.33404500000002
46.51159999999993
46.51159999999993
37.583449600000094
110.4862288000031
90.16447880000038
92.1115856999996
93.60926200000185
86.76364000000021
84.18520599999871
