86.8307
80.90326959999972
86.0498901000003
78.1043354999994
72.22107899999965
71.96561439999937
70.17734519999944
75.55755760000089
77.70639939999992
78.6036088000006
77.02180000000106
74.53852409999928
72.21768599999967
73.74292679999874
74.84911799999958
84.09112839999993
81.20128719999926
77.92210000000074
78.63986299999793
77.65291710000024
81.38272799999994
90.92901069999728
89.27518300000017
87.86267730000108
83.46736609999952
80.95103640000148
83.53270339999996
79.68430039999888
82.49083000000103
78.27472799999953
78.94739999999975
78.04786240000072
80.7833452999979
80.57751089999925
77.70486570000102
76.44376400000039
74.69343020000042
72.56980980000021
77.13897549999906
80.04185419999878
81.77167399999873
80.10679999999971
75.0280175999999
73.11599399999959
75.0
75.60847420000094
75.1293000000008
76.83833000000081
78.78773160000068
74.21701750000108
73.83112240000068
76.23349160000097
79.60646839999869
74.88313150000114
75.59493639999951
78.63725790000149
79.15570000000156
64.90666650000144
35.66676420000028
71.19966819999854
75.54738079999913
72.63735729999887
76.00784000000104
76.5455304000013
79.13307689999819
75.63152629999895
80.60110399999888
78.86563800000093
77.68337319999945
80.27549279999972
75.48657799999977
76.97129480000092
78.5773912000009
81.05512000000105
78.42711729999905
77.6913310000011
77.92340099999842
76.84478000000114
77.17571240000137
77.56580999999947
76.67144120000088
81.38588639999936
80.3488522999981
79.79891039999887
79.88502800000047
77.571183999999
76.59348199999916
78.92176139999982
75.2250018
77.05804039999951
79.29456239999898
76.35438799999893
74.82338699999974
76.33794959999844
80.9418704000008
75.80861760000104
77.26392479999838
79.99767349999885
78.16809540000166
74.58425200000053
73.17070000000109
47.848684000000276
74.50340460000034
74.18492549999938
73.18302079999927
78.73069040000046
77.37214309999891
79.07647530000115
76.824600000001
64.06311540000034
