67.4157
52.971991499998424
137.90155970000217
73.2328629999995
67.35178399999933
70.61338079999936
70.4356769999984
69.02048429999877
70.3163245000002
72.09170900000075
71.06390699999922
70.58819999999875
43.068730799999145
69.06856480000087
69.04429199999927
66.28501829999928
68.88629999999874
66.89306849999885
33.21612350000021
78.31774719999932
69.51623479999934
68.18179999999917
38.76592450000003
65.59728879999902
65.934099999999
50.25935850000049
108.45649600000239
76.81226879999878
72.53044580000098
76.61293960000157
73.69340270000109
77.53883299999904
78.84359999999891
48.6467509999992
68.42303560000121
77.92210000000074
46.98360040000136
96.43668810000119
77.76438770000077
78.49765909999972
78.57531999999951
76.35447999999973
76.86685650000103
74.17974099999964
74.93388379999999
75.0
39.23839599999961
68.58428649999993
71.65477250000043
74.99051169999866
77.2681194999995
81.08110000000026
54.19422460000115
78.80947830000035
76.12208640000031
77.86204660000081
77.14567600000103
