69.8487
73.74381360000113
71.95005039999873
69.76584040000013
73.11937919999879
75.94939999999895
76.73225479999996
72.87527919999933
75.92956080000103
75.59950049999868
74.47728949999922
75.3676460999999
79.78703839999802
74.68845959999992
73.73154229999922
73.29574279999987
77.12079999999952
77.12079999999952
79.42122420000052
98.41857829999911
87.64831840000012
80.99962160000044
70.65181779999867
71.9794503999994
65.43761199999906
69.78194289999989
66.87870900000053
66.98837039999862
70.21816600000119
80.57684029999977
77.40439000000015
73.22979999999976
71.22095720000003
71.2158819999995
72.42891459999869
81.69423799999957
83.33329999999877
75.25329709999933
69.24665380000104
69.24528219999995
67.14336259999895
65.97412000000008
68.54934179999951
69.7530629999986
67.59430200000074
64.67293919999925
68.66367659999929
64.9735343999998
65.89015319999986
65.62868389999856
65.69346480000051
67.43939739999837
65.90161900000102
62.551571899999985
62.44671349999887
63.14793279999927
65.0437259
64.39011399999896
69.26810079999915
65.21579249999958
64.7444625000005
64.40583899999983
70.34735349999971
74.70024210000007
72.84841150000052
71.11837119999922
68.79549380000006
68.09431249999992
79.12141150000039
79.84617400000076
75.09568120000115
70.67413290000022
66.35585120000003
63.1960558
62.054176000001696
65.97583760000065
65.83126639999931
65.78949999999931
86.88262949999888
127.6702624000022
62.686073299998334
61.835464500000114
62.204525500001715
60.94439399999999
61.03653000000164
60.882969999999986
61.45
64.24940260000002
68.97339999999916
67.57061000000088
64.10400990000046
62.60064130000069
68.21784560000042
65.8707553
65.2445219999995
64.90883839999921
64.48359830000066
63.625496000000226
63.638563200000654
63.033810999998764
62.06784049999996
62.331837700000015
60.232024699999464
