75
66.96516500000058
68.02443439999907
66.84548180000117
67.88859960000046
69.22295039999871
61.66500000000075
50.583950799999286
51.18557950000085
66.12139019999913
66.73279680000088
69.45735840000091
68.05391359999821
66.07458300000073
67.78509550000092
68.67425350000046
65.95777240000008
65.84007699999982
64.74560200000047
63.241434399999655
63.412393000001096
65.58344910000046
64.66962150000063
63.39828089999885
66.64021459999962
65.55319080000089
67.84559159999918
71.84731420000146
67.38872100000042
64.1026208999995
66.48104009999912
64.95683920000057
63.296436399998775
64.21181929999918
68.32833599999886
71.42520839999993
76.24263759999994
72.65508340000092
66.53994000000083
67.03805279999982
68.11129199999891
64.99742639999953
68.27358229999956
68.18179999999917
68.75230910000008
70.30886269999877
69.98063319999905
70.4468140000004
69.07501020000082
71.42133569999935
72.0244319999995
69.62443840000049
68.7702346999987
66.95496679999951
65.9303598999997
68.35743599999948
66.71484619999964
66.91148319999999
69.95064299999973
70.66902779999874
66.92181859999927
67.77333769999903
67.14771110000108
68.25940000000094
68.21415919999932
69.98178079999992
71.35140909999923
70.71597360000071
64.79329360000074
65.88240640000015
