79.0514
51.96913880000133
58.87135299999908
65.69841750000047
69.28792420000171
69.68639999999947
54.985703599999596
56.12437099999905
69.94251119999947
68.55838519999895
61.79165599999916
47.644098099999866
69.75402070000142
70.95730969999951
75.36036509999906
73.74074269999971
73.60457119999835
71.11480379999978
68.91196079999877
71.0411127000014
85.81022920000065
150.91541099999924
93.11925259999964
77.0298383999991
70.11050820000007
66.81509999999994
44.186603999999505
64.34228699999898
63.43963999999887
44.73300900000046
68.69189210000008
69.08192600000086
