80
80.08172299999904
85.43326399999994
89.7531995000012
84.86890789999941
90.44484280000066
89.11759559999882
80.03338840000067
81.02893840000027
81.08110000000026
45.81527720000074
91.27330999999911
84.40045939999895
78.77804750000038
80.7435791999994
74.30031259999959
72.28919999999935
49.629445299999546
123.54313769999801
103.31723999999868
89.25285420000017
87.74114590000019
85.03302600000066
82.84670480000047
82.29715320000138
82.0217900000009
79.66621250000026
84.4945775000001
93.2257199999981
101.54890040000011
93.51502480000073
87.13042639999873
82.30045519999909
79.4467928000001
83.33748680000005
90.3339557000003
100.0
100.0
71.81157899999884
106.48568319999904
99.56201199999748
93.86334500000068
88.81045000000019
86.5497183000004
86.98848280000094
87.83903799999989
86.95650000000022
65.92386400000055
104.5700000000005
104.55570399999907
104.52999999999906
43.580874299999266
93.00513200000032
96.4559140000018
93.20600159999968
85.98838819999958
82.19180000000044
