73.2601
76.62840000000105
70.13213240000103
45.18771199999989
80.47049300000062
78.9677979999995
76.21229899999956
76.56227799999876
76.14209999999858
62.2487080999987
54.709099799999436
88.42419400000136
95.70675080000068
96.86093989999917
91.22225420000144
90.8870860000004
62.54871400000129
93.73056899999875
103.51357859999983
100.0
97.40666780000005
88.44993440000077
113.10375900000027
85.2274815000014
66.25562370000087
71.67036560000038
71.74340160000014
79.52500180000146
89.07567590000004
81.60027579999795
87.71218070000103
85.5509135000003
83.51840959999888
84.50699999999887
