26.3852
27.893917999999676
53.95590900000051
90.93545149999969
87.08269999999928
54.79727139999972
84.50699999999887
84.50699999999887
102.09689879999978
171.65803699999995
144.99589600000002
138.2489999999995
55.59582299999981
128.537631999997
151.52388000000133
148.0793819999988
161.11586600000058
102.49058499999822
177.33871349999816
92.39072159999924
107.79447489999853
157.80400359999803
154.93020800000087
104.14328400000026
86.95650000000022
51.978884599999084
102.40962499999891
97.4159939999994
96.32042550000041
93.66820580000234
90.4221309999993
85.83689999999928
57.481451099999056
86.08319999999895
53.292494999998475
47.505899999998974
39.574359300000275
115.91804400000215
155.8159520000002
167.18912200000176
117.59508580000139
112.35698679999722
173.4787540000024
171.42900000000162
96.41431930000236
114.72218049999879
157.10591199999715
180.17999999999566
158.32721379999575
87.05958619999919
114.94299999999937
114.94299999999937
70.21427680000085
143.1896279999993
165.81395599999945
166.666999999998
166.666999999998
77.21636699999927
106.56252039999887
162.4118680000009
149.23242999999957
160.3394760000038
143.21257659999776
168.6844390000031
162.46662599999755
125.40329699999901
105.11675759999666
174.68890699999687
148.1607919999999
139.15464000000014
104.16700000000105
92.3602877000011
118.6438900999978
180.17999999999566
136.34022629999845
176.99100000000084
125.58380569999787
25.597300000000327
25.597300000000327
26.567650400000193
26.654800000000197
49.68575429999973
59.940099999999816
48.52913900000044
