82.1918
83.33329999999877
42.743466400000834
81.08110000000026
81.08110000000026
71.50069219999945
104.00831780000063
82.31151959999973
88.86991600000142
85.83653900000014
82.51981150000063
88.46943899999984
86.32982480000103
89.6306172
83.19710099999843
81.19079999999812
69.03722169999863
93.41026829999953
90.55678539999946
89.70537240000002
92.70099920000129
84.82238299999898
70.98261060000003
74.49068610000009
87.2270997000019
85.39487639999999
87.13771600000089
88.8624991999999
89.04998760000149
93.16235479999986
92.50191720000186
93.23380359999845
88.60809120000167
92.62337789999785
87.05848169999902
88.72805400000004
94.93090270000148
91.68416199999943
92.74106999999809
100.43243919999875
96.9786730000021
96.83196379999995
97.81792500000196
94.3981570000006
99.7836529999979
106.68085999999795
97.9539239000015
102.47568420000088
100.98346079999867
81.59413479999964
48.076900000000016
41.60118549999974
63.333497600000044
105.02449699999929
99.54430900000106
98.19969999999839
53.66450560000149
