86.9565
84.20986280000074
88.01461080000026
88.01105519999798
78.79606009999881
76.67986320000024
82.06355120000049
83.39272719999903
86.78316699999867
96.66923159999946
91.50837480000118
88.77066450000017
90.9283648000001
85.16683439999898
85.74366700000019
90.87495540000057
91.34618399999978
97.30992400000035
92.89671709999979
92.0510894000007
89.12683919999999
86.20105080000094
82.9374382000005
81.45318450000048
77.09502529999922
79.57444479999876
81.05165419999902
94.33044500000128
100.57921800000169
99.67436750000101
