82.1918
71.90957439999967
71.9317631999996
72.999821600001
74.83148619999963
72.69829199999914
72.58246790000086
72.53106259999947
68.80662849999914
73.35995359999879
68.64900439999995
68.69421749999933
69.39119680000056
67.28148220000091
71.76013059999966
68.65723520000097
67.2393895999992
66.46230949999907
67.2509783999996
68.16771999999995
68.373657999999
65.98166000000029
69.00019679999865
67.6367597999991
65.6702827999991
65.6454999999991
85.78980770000148
123.89489800000386
68.77710050000107
67.68051479999896
65.87719360000098
65.3858771999991
69.50517099999911
68.90447760000002
70.62389279999967
71.06329259999931
71.47083480000104
73.71062959999942
72.50687519999968
71.7407754999985
72.43755399999922
69.71379799999936
71.0358102999995
71.36777429999978
74.4304169999996
76.01642999999966
76.88060070000095
70.50368880000039
74.29482670000061
73.00330000000035
72.4308459999996
73.06926149999954
70.41472499999917
75.08309599999993
74.42745569999917
72.02725200000098
69.52824599999914
72.73988000000055
72.24775100000123
73.74164879999888
71.34464029999867
71.91026849999926
68.83588919999953
71.66250879999984
68.57991959999919
73.04100630000057
72.62438819999976
68.67866359999931
72.13885749999993
