103.27
84.03264580000014
88.906774099999
86.23932379999984
94.93366800000096
104.2702430000001
101.25026120000062
96.73125200000203
94.84274619999935
97.10588620000166
96.92167470000139
99.90681270000076
105.25485499999768
101.35140500000065
98.35837179999972
95.47984239999991
95.40288009999878
105.69619100000152
107.26949999999962
103.78088800000054
98.26733650000193
92.99409800000076
98.43209219999986
101.9898910000007
98.13226179999992
96.39905299999896
93.91011840000003
87.31209140000165
87.50894899999963
87.67818080000166
87.46360000000149
51.90313859999998
141.1479060000002
122.4079470000023
103.55749600000199
102.97143640000147
97.12094140000039
98.47919500000194
103.91102200000125
104.55570499999887
104.34799999999899
62.5090369999991
100.00020800000135
98.81796220000032
97.87930000000046
60.92056900000098
107.81451900000111
162.33733300000037
161.37670899999907
137.38538519999796
103.31895849999803
111.02218099999695
111.59860000000113
109.7206789999986
103.55416520000165
94.30877399999942
90.03866400000118
