85.7143
94.8508646000021
96.43717840000174
96.60403310000076
91.73650960000059
99.1639966000013
105.02342000000168
104.46984500000183
93.5629446000014
94.29425870000107
95.64012499999991
91.92898309999995
93.75
94.35768840000159
96.90606040000203
104.29596329999829
105.58774700000137
94.83431800000129
85.13766039999902
83.26573249999882
83.54834830000149
91.74405999999797
95.10891609999916
100.9344960000009
103.42105000000048
100.78238050000198
94.50908849999985
91.57405740000154
91.32420000000153
63.43248119999914
109.92732629999895
89.87409160000158
94.06630650000105
94.77119560000047
98.99901059999902
97.08881230000274
91.17262040000021
90.05032679999991
97.62100980000086
101.14093999999855
97.2839119999978
94.642035499999
93.74780840000071
92.78409400000102
92.55966290000002
99.88125
99.7026867000007
102.50890400000108
101.42057600000115
100.9638244000009
96.77419999999985
92.26320340000137
93.90053800000183
91.00222599999918
89.98533900000108
102.65037979999887
99.33778160000085
100.69476339999845
98.84675440000056
94.95011140000126
96.61840000000178
94.18215340000121
98.12902240000015
97.52510960000083
104.91935599999923
107.45971400000155
105.88251500000177
95.7058845000001
92.34210350000032
100.87422400000013
