41.3793
93.04687719999872
103.26060199999858
89.92812190000178
85.71430000000137
55.09435489999958
97.61151100000073
91.81863639999963
89.89420300000124
89.99400240000003
102.23995600000038
108.89299999999749
72.03984779999995
101.71130700000104
87.55543210000042
96.33624879999775
96.38228350000249
98.27370570000066
112.44950399999895
65.69615669999916
92.32266340000191
85.71430000000137
56.733219999999356
45.66137259999999
62.65195119999903
79.89349999999999
62.70447739999867
90.85887200000019
97.18091119999978
102.7015920000004
104.87060800000195
107.05183100000035
112.80367399999993
113.20799999999893
87.01148499999763
112.75543999999782
91.57280680000088
97.63520199999935
96.65501300000184
96.61840000000178
58.28187969999861
60.33684390000008
75.4630091999999
80.61687260000154
71.522722500001
103.7089410999986
94.62231750000011
78.77130600000035
90.90682320000121
84.7726632000017
79.07328399999862
83.33087840000024
79.0098576000009
75.38880489999951
78.10511949999999
82.73403380000146
83.31970120000065
78.22178659999899
89.68814120000047
106.38409700000194
101.78537599999848
86.05550470000115
83.61717499999916
79.45431010000053
81.08110000000026
64.10055200000096
97.30006679999802
83.9378029000002
77.41517500000045
75.56680000000043
50.880692299999374
87.66568459999984
95.2381000000013
65.83562820000033
70.3700115999999
79.24880549999966
77.56146939999905
79.55698510000052
80.53724729999806
77.82100000000088
77.82100000000088
64.73986400000057
98.20181449999876
82.57191949999974
81.03642709999886
46.875
44.40938850000053
31.931899999999644
35.58175119999938
37.97469999999947
33.298783300000224
75.44133619999909
84.62619999999907
68.08569799999968
99.11685179999888
82.41052099999807
90.72327620000098
100.33618250000002
86.05608899999868
83.19872209999927
81.59979690000036
75.91431460000098
42.52300000000051
42.52300000000051
58.557644000000245
155.09221000000355
173.03752500000007
141.69017700000032
113.93581999999964
108.45401200000254
115.16300000000041
115.16300000000041
58.52455940000038
97.6533508000013
88.26295700000013
93.44616670000002
94.24706170000013
88.23530000000025
58.049488800000475
98.46349600000153
83.28270000000077
107.52861700000142
94.01876030000031
81.63236499999898
82.19180000000044
69.59787800000106
