96.6184
98.6167222000012
81.54015009999956
58.50079560000012
74.1655999999994
63.58729760000018
26.052999999999898
62.239608400000456
78.72562979999823
88.61674040000008
85.07215629999897
79.6973888999999
78.94739999999975
44.620618600000654
177.81012499999963
116.82421560000269
100.58152600000207
101.68070630000109
90.61717200000113
91.3583052000003
105.1367090000013
98.86254390000208
91.08990739999979
96.24042170000021
95.45314610000068
97.80460600000045
60.291914800001415
53.513112599998934
53.61929999999901
33.78646509999988
83.62643019999982
98.02578850000249
88.62159719999983
99.61413759999753
95.0491280999985
63.524215000002286
47.16980000000081
68.13518219999882
108.89299999999749
57.94899760000037
90.19401370000004
93.24716070000007
93.75
34.471808399999276
40.23692660000038
49.997648600001106
105.99723569999777
108.64364100000219
114.5749000000003
111.73363400000008
120.8311599999993
108.91058200000205
109.25118400000098
108.50301000000184
101.89448210000192
97.10701579999986
87.66971149999722
104.27150100000063
105.51698159999945
100.46394329999927
90.96099539999867
78.22389359999859
88.64815379999946
