72.3764
69.00242639999878
67.03319579999956
67.20498400000028
70.37097219999998
70.47811199999973
72.08116799999945
71.53393410000062
71.14644059999966
70.62231199999965
70.62405919999884
71.82992999999942
71.65076700000083
71.45675680000087
68.45180800000006
74.36143719999887
79.08221819999964
78.785
72.80947650000019
69.42476400000083
76.59487499999909
75.50328559999976
69.7453753999988
69.31295009999972
67.7836759000002
67.84006979999948
71.38227980000022
74.41974550000046
69.52489999999881
69.52489999999881
28.507036400000356
84.04444500000096
68.54402999999951
70.49593900000033
72.66081800000056
73.36671360000115
70.74043919999912
80.03915849999973
76.14805080000113
68.58059389999819
67.59209920000065
67.99692559999855
68.51892830000054
75.96719260000026
77.87908880000076
75.24961949999992
73.72546779999894
72.04280079999897
69.86735679999963
70.69437869999956
71.56988440000072
68.16919869999877
68.83085120000045
68.79225599999832
71.70047440000141
71.31388249999877
74.7187032
74.19218159999978
74.69809340000089
80.63391270000102
77.10144899999912
68.92912199999904
71.8973929000003
76.34040069999999
77.37754879999936
70.52050920000018
67.49160000000063
66.36197919999971
66.35693729999896
67.30441520000062
