84.6262
82.6115351999995
79.44942639999825
79.25034769999986
78.37567419999984
76.97419920000148
74.89305000000014
77.85073840000001
80.70144880000036
78.44634159999985
82.74730099999984
85.74207230000027
86.33090000000075
86.33090000000075
56.839637999999184
93.79004000000057
78.09742630000069
76.64658900000022
76.63299830000071
77.4889099999987
78.5910116000014
81.25771999999941
84.21892370000104
85.81563329999975
86.6282596000016
90.58344999999908
83.17304959999983
78.54700220000073
82.25275779999986
87.00868930000031
85.82465439999976
89.27610640000137
92.21694179999915
91.99471640000108
87.33948239999937
91.27330439999854
86.79532659999894
85.90560509999953
81.65010099999877
64.94198169999892
83.83262410000039
83.32944020000056
81.79935520000106
83.25667089999885
83.53147880000056
85.76220549999952
82.9897829999997
87.54649680000014
87.0408166999974
88.72670640000013
88.84772100000112
