83.2178
50.78859219999981
79.33593500000048
80.25499550000013
86.8966013999999
82.4350100000004
80.31845000000033
76.68088000000031
79.26650129999993
72.8175511999986
81.28174459999957
85.74898089999965
88.97609210000164
89.2439830999998
78.39409679999963
76.4330999999998
42.02206880000051
76.71951259999985
73.94216640000111
83.44073070000012
79.87059439999872
82.67629019999913
86.09697390000126
85.63403989999865
79.98649880000062
80.94580750000057
90.17374480000186
86.50622079999889
80.49433250000146
84.54800370000025
93.54171300000255
85.71430000000137
86.55234980000124
95.82533749999871
83.53767750000016
78.26257000000057
78.27380249999888
88.31191620000153
87.62003999999848
89.98748979999931
98.8660000000013
91.02954919999945
83.79553480000011
88.16493770000093
87.32033300000012
82.80417659999927
88.97089519999882
88.12716260000161
86.19960449999948
88.83205080000015
96.77419999999985
87.51341989999888
85.63604779999898
86.52720709999822
77.47069479999854
81.81818499999939
88.80164530000074
