89.4188
74.36147059999998
72.64734020000063
72.12593999999956
77.80721379999989
79.78720000000045
58.15429009999929
64.9234894000004
71.91606219999991
72.10798299999892
65.14660000000002
65.14660000000002
96.61230780000007
104.7831961999964
72.30463439999936
72.40086310000157
76.30481339999999
72.17657409999988
66.79184720000012
68.91369839999865
69.01595219999898
67.47145050000086
67.54547480000043
71.74410139999851
74.19416440000141
80.82763539999841
81.93337360000046
80.79003750000082
74.61331359999974
72.98117750000043
71.67513899999902
74.35828960000087
72.28667039999877
70.95822679999867
