65.1466
68.69304059999918
62.173438300001514
65.12062060000085
64.0505300000005
61.85570000000006
61.37752000000036
60.99888600000067
64.16920210000066
61.46954790000099
61.73160600000114
64.57424999999871
64.23575999999983
65.72528380000068
66.94140950000003
64.99889000000054
62.84676920000002
64.97826880000093
65.08314129999894
68.35315719999888
65.38487769999925
64.56840929999927
65.96549249999984
64.04737520000026
64.19265670000037
69.2096743999991
67.96255919999916
66.66366969999923
73.52243629999995
71.8778867999995
68.55216230000069
68.20872719999929
68.18179999999917
63.57954200000003
63.73565519999921
64.16872049999955
69.49752959999904
70.08427849999886
69.87681749999986
72.34814719999984
77.72748580000044
75.91509149999916
72.93958640000041
76.37476960000104
78.64384639999854
75.94939999999895
77.14682890000105
76.17534849999855
69.43937340000055
65.14869439999941
72.23030400000101
73.19737639999823
71.84783940000109
73.63438600000016
73.3956466
74.07409999999922
77.44870939999828
81.3902884000012
77.41186139999957
76.16539859999999
76.4166576999987
82.11989250000182
87.4487480000001
82.67673300000035
82.94968230000211
80.93452499999877
77.28534099999958
74.56771000000074
66.98351650000029
69.16553219999926
