82.1918
94.51631799999836
88.61708960000009
84.0201256000008
70.26065499999962
67.11159059999989
72.59944309999915
74.90995560000025
77.01484199999935
77.41072960000123
87.57876119999975
91.53561199999807
90.97854160000254
95.19633029999896
91.58073600000026
101.77456039999933
97.83809740000005
95.70889580000222
83.89297500000048
77.18433699999959
76.97937209999972
73.93632469999912
64.5751741999988
59.622669600000044
68.64527230000138
79.58470210000033
85.65724049999963
83.61018349999924
81.62893239999998
88.16285999999855
87.1503647000001
82.44417919999945
79.1351560000004
81.96188510000036
74.38282260000018
76.23312620000044
76.11332009999992
77.71280870000119
80.87801449999938
82.97630639999876
81.89699899999927
80.4813016999999
78.30367259999976
78.13652399999964
83.10093119999839
79.04980150000083
79.9768251999993
80.6335246000004
83.17292799999883
75.74575800000073
77.91009199999867
77.21777480000024
81.0286443999992
76.50570139999954
82.56808759999964
84.6705776999989
83.54450749999911
79.9649315999986
86.34391010000033
85.9140871000003
82.76608159999871
74.68323059999877
74.4539308
78.56001530000076
71.46713680000136
55.552011200000194
81.17970749999894
83.23542789999988
86.95232200000058
88.21723999999942
