72.2022
79.72000899999959
74.56081619999951
72.09706880000084
68.9654999999992
69.5350676999988
70.58819999999875
62.54114519999894
48.67628899999944
91.13441800000108
76.82381860000066
77.58254319999914
83.06813289999835
74.6720431999995
72.95359750000055
79.19943219999931
90.78641400000147
93.59163659999976
81.0160600000007
81.96939339999834
81.08234549999929
76.2537415999988
74.80891159999946
78.63899839999922
79.73229440000051
82.69256799999879
87.0696775999993
79.52829000000114
77.57416479999907
84.45856050000103
85.61911239999951
83.8077942999989
82.30193799999942
80.0675671999996
79.78726249999916
81.00742339999874
76.86000649999994
82.26122319999955
90.71019340000007
79.02951200000051
71.5109627999998
70.48606979999931
70.96746519999994
69.99520799999846
67.55272620000038
69.69175499999999
