75
82.85101069999912
85.20857739999961
81.64235119999813
77.96502799999936
77.65319719999982
76.61452400000098
75.85340000000097
48.274527000000724
64.05318809999895
77.12079999999952
62.691493600000705
154.7440250000009
162.179241000001
175.82722599999926
173.2509679999986
167.274527999997
115.80947480000054
147.37400119999785
173.10490400000288
163.16915399999854
148.30170159999878
163.3310780000017
163.35097560000108
131.9521105999998
152.3114430000007
153.32877399999734
163.53493899999944
139.61217600000248
165.65394699999862
180.17999999999566
180.17999999999566
122.55098959999859
175.64881499999575
160.83104599999768
164.9097049999956
168.04862500000021
166.38744799999873
169.40741700000214
149.68344800000074
172.850122
162.0658279999975
172.18658499999856
165.40255899999997
136.72044860000074
161.84332800000274
151.99313670000262
149.50038999999708
152.8190599999965
153.7616779999989
165.64891900000305
171.68389199999575
157.71532440000004
101.75881259999801
172.6117680000042
117.10757280000031
159.6984409999989
161.4803060000022
