68.9655
69.05149400000062
103.92762629999876
80.45089740000097
87.77126920000072
78.36263999999808
79.54066010000038
85.37689130000061
87.71094120000022
83.26834880000037
92.42638640000118
104.4922520000022
119.89975600000092
109.8335037000016
89.00371150000109
78.413184600001
79.22160919999871
79.87049669999847
77.15866510000104
84.17292550000019
87.67110500000075
89.55220000000055
68.77872019999872
125.68421100000018
102.11192350000036
88.42434969999876
99.16972880000122
107.98659400000113
105.97278999999963
84.03365440000012
76.1279740000005
75.38267680000016
69.21725499999972
76.30690920000005
