67.7201
64.54330709999911
67.3246275999998
64.81670279999882
58.34037219999875
60.87707739999964
62.438549899998485
59.93203519999918
66.38111030000051
72.20938860000109
67.56999000000108
70.0874615999993
64.36113779999913
67.72856679999924
66.71639469999906
68.58625980000046
64.93954200000121
63.1746953999994
69.62367599999936
66.03106720000093
64.55186630000063
65.93095400000064
70.84620040000084
66.69411700000042
67.81354999999897
65.67839599999877
63.52700510000085
65.40960029999911
61.09456539999907
58.0859576000008
62.04856099999923
63.79296240000095
64.33860159999934
68.15425589999896
62.115976600000145
65.21740000000094
65.58407290000099
70.94602469999937
73.16378040000116
78.00332009999973
68.3917499999987
51.08167769999999
72.20219999999975
44.456857199999014
