62.5652
56.7237434000009
58.84496970000036
86.60881380000255
60.48313409999878
55.99860400000094
58.29495000000048
60.642951999999454
61.3659278000007
62.83352859999965
70.88205849999945
71.74101699999942
66.54337800000043
60.65471939999999
64.3223111000006
62.545637199999945
63.50142699999957
67.0993936000003
70.05520359999953
66.40887339999901
62.29536849999959
63.92897380000087
61.00413360000218
54.9811813000005
59.10724600000053
63.201862400000294
61.85570000000006
63.50455959999913
69.11156039999881
65.6455106000006
63.32903319999877
63.86342109999924
65.08134240000099
63.54625560000056
65.83710479999985
65.47529580000028
64.43556400000048
61.35224939999977
61.679525599999764
62.1691791999989
60.63308920000073
63.78998580000065
63.05242010000015
63.210058799999075
68.00209979999906
63.84482400000003
65.480798799999
68.17730459999918
60.61477729999915
62.11796120000081
69.36378459999933
66.94604000000065
67.93610479999813
72.58302879999971
67.55314599999888
58.530123999998935
58.921359399998934
56.975800600000326
57.818200000000054
61.58
66.2437000000008
62.70785339999837
63.331350000000945
63.22978789999878
60.88424619999908
62.9818257999988
62.57586859999882
60.0461736
60.19419230000003
64.9951555000007
