92.3077
87.95768110000039
92.24826949999947
84.48467119999893
84.80694150000016
85.33647440000018
83.9111698000006
84.15150000000156
68.54432660000039
99.50897350000096
91.88341900000026
95.61067540000053
88.22021799999864
83.42822599999879
82.98759999999882
55.58855139999991
69.32362939999936
80.69761449999865
81.6771636000001
78.06752829999996
86.18517069999976
84.7027794999986
96.65474099999936
91.67046120000029
86.59283039999987
91.10965720000182
83.21018720000112
88.10868230000138
86.79749840000017
64.65218340000139
78.932757900001
90.32650640000075
90.7596890000007
93.09842439999868
91.21977770000078
88.9403887999999
87.74228509999993
84.09481809999893
86.43021639999985
95.1323518000016
90.12149750000013
93.98805679999919
102.31891940000064
104.19211000000216
101.69500000000231
