80
77.71413070000162
77.86164979999897
75.69572999999902
77.30462739999918
74.07409999999922
75.9634680000009
78.67261959999972
76.70578909999999
78.10685760000023
80.7386366000001
73.50277440000006
71.8139108999999
70.7688357999987
71.99396389999873
72.7273885999996
74.32301099999941
78.38671599999991
80.38872920000026
76.23220720000022
70.4244462000012
72.48589180000096
69.26575030000018
69.61444670000108
80.24896600000073
76.63255149999954
72.19972350000037
73.08791280000086
70.98619499999946
71.46237899999994
75.0
75.89616459999999
74.02685209999979
72.3764
72.1607863999988
71.34359999999955
71.34359999999955
25.747324900000535
78.22598939999791
77.20954679999981
73.34576139999956
75.35439269999905
76.469458400001
76.42032580000051
80.26548660000037
81.3839444000011
78.94739999999975
80.54554130000032
80.62984029999966
80.60204400000015
81.93631219999952
79.20403279999833
78.43989120000036
81.94300959999882
79.61971599999868
82.38592310000148
84.00261060000084
80.40044200000025
75.04764399999975
72.01834299999945
73.69776209999924
69.55810079999924
68.62893919999848
71.275061900001
78.1022670999998
78.41464039999906
73.6676363999995
69.90179789999925
67.08395380000015
68.76749879999892
