78.125
69.14391299999907
69.3618540000008
67.89412950000015
69.56788639999925
71.79601519999936
70.85375539999853
75.2940446999997
76.55473399999966
74.06244439999952
74.05079299999923
71.29166349999886
73.07267520000065
70.0335929999989
72.05247750000093
75.32419249999904
73.47057219999917
73.40936319999882
72.42930470000013
74.85474939999885
76.02311260000002
75.88479199999924
76.41938240000117
73.12290270000092
70.18030879999911
70.29052459999934
68.98590579999909
68.41923840000085
70.14788759999908
70.09545089999953
71.68109129999979
71.74198309999994
72.34171749999979
71.45400899999922
71.23924779999996
68.20032369999906
70.23938969999902
69.28841729999883
71.54741209999918
71.93986300000013
69.50929989999875
68.88629999999874
42.94534240000035
73.38828149999996
73.83178500000048
72.42368639999937
74.4998870000002
71.40887999999899
72.53448399999951
72.12290459999913
71.6441598
73.66585860000072
76.68359600000016
76.80169000000066
76.85844819999946
76.10526880000057
78.17242069999845
77.34182000000084
75.98219499999897
71.61276839999938
72.32364399999938
72.3764
48.25065179999963
80.42339039999854
75.89996000000112
74.72822000000106
71.77903139999968
72.28919999999935
72.28919999999935
70.07561140000001
118.24386400000303
72.01112879999994
68.97401919999909
71.42859999999938
70.96469919999885
73.22832119999943
70.88728779999934
71.50301959999902
74.90485640000101
72.75746239999901
73.33508919999929
75.17885959999994
71.17515629999991
72.11540000000042
66.3461680000008
37.02386789999997
76.86843249999995
75.75424120000089
71.10320550000162
79.8261945999999
74.93486269999909
77.29280870000095
