85.7143
66.45107099999908
69.86383459999948
72.27849959999998
72.26675399999941
73.7952683999994
72.16480199999953
75.5526225000001
75.07576990000109
74.257400000001
52.3217506999992
133.1709075
85.34897309999842
76.40453509999897
73.42527440000012
73.72590660000019
73.86069339999966
71.65966499999931
71.44787580000164
71.0300232000004
71.52962249999982
71.76573750000088
70.7584919999987
73.29445740000114
72.48285800000073
72.2304855000007
72.8830079999997
73.11439289999973
73.93762119999981
76.42261820000006
79.1907753
76.83148360000074
76.99
78.76067180000011
72.6929195999994
72.99626500000015
72.9209356999998
77.65287680000147
79.82909219999945
76.50002350000099
70.82060079999854
69.36965759999973
68.06789490000024
67.93894399999822
72.67663159999918
72.33285000000038
73.02396409999899
74.07409999999922
78.11647129999834
75.0
78.81884580000028
76.99613720000107
74.80945099999963
72.74075540000008
69.31613040000038
69.80471669999814
72.22117930000115
71.06394799999957
68.43722949999875
72.1156322999999
75.04310009999993
71.98674059999885
70.58819999999875
49.69567769999915
125.96116869999871
163.371778999997
156.26678000000004
156.27196800000064
146.27674900000125
