80.5369
87.91675100000158
88.59298500000034
85.15833300000115
78.54300150000137
74.83850909999944
82.46286330000127
85.8913776000011
85.9599000000013
56.236123800000044
124.59006120000086
140.845000000001
76.8598735999982
140.68750099999997
125.48115000000098
124.62524999999927
175.72076599999875
155.55695119999834
95.8468123000023
99.16440819999863
106.90724399999968
74.93051179999907
57.22035090000119
69.87032140000079
82.75174479999814
168.366629999999
159.36946999999742
165.4074950000022
148.91878400000041
146.81293200000022
168.67602
141.13471999999996
157.81272399999864
154.6359339999982
167.42656499999924
172.5830280000004
156.63432399999854
129.54439000000121
161.86843399999714
158.84587899999875
170.76324599999762
132.34859000000176
157.38614100000066
175.86988300000493
173.0400779999999
155.40196999999796
98.44432880000038
155.25926300000262
158.49733499999945
171.64367200000243
179.64100000000258
82.80786499999958
106.85891200000057
107.72000000000094
75.08055120000124
175.8737356000025
142.25629429999853
