72.2892
87.46360000000149
81.27920110000106
26.60749999999937
39.28280000000062
47.21366640000006
48.881345400000406
48.58017210000022
52.17390000000103
49.172338500000095
48.76786199999929
49.813600299999614
51.32563870000022
51.94973840000135
50.847500000001155
50.473762099999384
50.46259999999938
30.05823540000102
45.3127856999993
56.99375710000139
54.7296564000003
52.97618199999955
51.73116399999973
54.686463200000716
58.881300000000536
51.27286020000076
51.83903009999898
57.559029600000414
58.437085599999286
55.29400800000049
60.03270099999898
60.5990359999993
57.713431599999005
57.261599999999234
62.63291840000085
64.70404840000047
63.97186409999967
62.78903419999886
61.445715499998485
59.222065999999046
61.38570900000009
57.57425849999957
57.94536499999964
62.93523199999917
66.45903250000116
60.493335800000004
61.895070400000115
65.21740000000094
65.21740000000094
32.24561910000059
90.39025479999837
58.925108199999
60.60609999999908
51.87645200000077
50.66884439999933
67.30732419999893
