136.054
127.05601800000197
126.71211399999997
130.47456800000066
127.22340800000063
136.05588699999902
127.70369399999966
125.05119399999995
122.18845000000091
125.903657999999
123.53914099999642
123.49917100000135
133.680283999999
136.2378910000008
132.5163380000008
126.9463500000014
128.72467499999925
133.11998799999816
133.5985460000009
130.43946099999917
137.2105359999982
138.6706440000008
127.90433399999989
135.51165699999714
133.04344199999954
132.0800780000002
137.31013400000097
130.44226200000077
135.7273850000001
130.76629599999998
131.7109139999985
133.30411000000183
94.7884245000006
