50.8475
87.50135439999883
92.46897940000063
98.49491430000175
104.80161500000074
110.82739000000112
107.71367199999821
97.11110710000234
96.09857530000099
91.7397200000005
90.45875260000075
94.71391569999983
99.06068110000102
98.62346440000086
97.90423500000031
111.26786299999836
103.2952480000014
91.57316179999928
78.44655819999898
91.5150371000015
92.74716230000116
86.93377150000009
81.53566630000016
95.01815440000148
99.61164790000052
103.69833100000052
99.43242200000127
99.45466839999948
102.61352030000037
103.09095419999774
104.43753279999989
104.37453190000038
102.48460760000123
104.40050449999801
111.8280159999984
107.8435469999996
102.69071170000159
90.35604039999824
85.30092520000115
83.56570839999976
88.58881700000111
85.48506660000066
83.82530200000065
54.06812559999977
101.13655870000102
94.51508539999872
93.64373450000002
104.88852720000091
99.8817663000015
92.64722729999939
92.92788900000076
88.93338849999935
85.79368029999979
95.17769999999855
103.63531600000087
104.19018400000206
96.66184150000124
92.6450400000014
86.22188819999897
87.72537680000049
94.06842040000039
92.4744185999976
87.59978999999962
89.67475999999974
91.29927019999862
94.6055765000018
98.94152880000145
97.97619820000028
88.82479540000128
90.29917459999866
90.23427750000151
91.29785559999948
94.60416940000133
92.98784800000179
91.89801820000018
94.9160104999994
97.95772900000077
71.95082520000075
92.709077100001
96.27734700000006
90.05872319999939
89.06906900000078
90.8549200000011
96.67104130000091
101.00311600000119
97.15114119999987
65.62314209999985
77.03453970000099
82.37189779999882
93.62229010000063
90.93440290000123
92.6031685999998
92.27557290000065
91.5266924999997
97.79895760000056
100.66936860000224
106.81264800000012
98.63372160000094
96.59071440000068
96.40166400000187
99.78386819999992
94.9446063000019
96.664064500002
75.82972799999864
92.7869866000023
96.06262000000083
84.08898270000152
83.71943649999835
82.71670329999894
85.31179950000067
87.71700259999997
92.6844288000007
99.34591930000074
97.53254699999968
90.5682907999993
81.46341059999958
79.56058610000038
73.48191359999942
73.02906180000012
78.25372960000034
77.50134760000091
80.71259559999913
87.64286359999961
88.04281580000028
90.28371720000084
93.56682789999999
92.92067750000076
