52.5855
30.368667400000028
51.59490000000037
58.31435000000082
59.44384430000004
70.40002599999939
64.00457239999962
56.55743200000083
56.81410400000029
57.42353020000078
57.52640000000081
39.562965300000435
86.32646780000107
62.62330800000106
56.92147739999933
56.71570750000014
57.40501420000125
56.76800870000087
55.31719359999908
54.991786499999584
56.125838799999094
57.950572799999556
60.444672800001136
62.17899949999872
60.5493466999992
56.89244980000062
57.08393000000014
60.204899000001035
57.636190000000404
57.08849999999959
57.08849999999959
88.52896590000036
179.2963529999957
79.23559750000017
68.88225419999993
