61.8557
76.02148179999998
67.96401819999885
62.51837299999901
62.504776999999876
65.78949999999931
65.78949999999931
63.83780120000029
91.7816903999998
69.71181929999923
67.0550423999989
77.66096619999836
65.934099999999
68.36284709999964
77.22336079999988
72.32276119999973
67.69272539999909
69.0104257999988
72.9134886999995
70.05713699999866
71.13918500000118
72.3920259999998
69.92511350000063
66.73562510000062
70.11954000000041
72.71219769999925
68.71330300000085
65.87289999999994
76.47764350000136
68.9654999999992
68.52332999999935
70.76185999999987
75.36393800000097
70.76141440000094
69.76975769999862
58.27902959999849
52.67500629999926
73.29748999999994
80.8763113999999
75.75759999999866
53.767517599999735
37.314303199999294
43.39563519999972
71.75848799999906
73.39210759999841
79.95940250000037
76.23620520000067
72.20219999999975
72.20219999999975
31.438736999999524
73.84610880000051
74.66041619999983
79.19283279999884
71.7815711999999
71.7944699999986
76.37295949999994
75.14247499999894
72.36144649999918
78.61043240000154
73.93883980000074
73.49872749999973
76.82798560000086
73.68388800000008
69.62768439999991
68.18362749999896
75.91455400000018
75.13750030000004
73.36428680000128
68.65430879999846
69.8025216000009
