26.4317
71.60330179999937
70.52058959999985
69.28258319999911
73.97582359999863
75.98133839999893
80.26656950000097
76.8467373000011
77.2201000000001
69.84685829999903
115.6654560000017
81.04007180000032
66.19668000000053
68.32768200000007
71.72768379999908
71.6403004000004
71.31239030000093
69.9933540000008
68.79226499999903
68.19670599999965
67.26949779999919
65.934099999999
60.57365829999963
86.34106159999995
118.2682310000012
68.9654999999992
61.034467499999025
70.9414410000001
118.3431714000006
72.35083379999881
70.74158850000029
68.94582080000023
72.3166594000011
72.32595040000145
75.63090940000048
75.84940960000122
77.82100000000088
55.751812000001124
41.68052159999955
69.68639999999947
60.20904959999921
99.728355
160.08687000000032
144.03593199999835
166.19521599999646
81.32091220000157
72.03266469999934
76.77636749999984
76.1415190000009
75.1197509999992
73.77656209999955
71.61832479999975
75.08781080000107
72.82236790000121
73.7593766000003
83.38595259999872
86.58793479999964
80.46965749999984
75.94939999999895
77.89883040000188
