142.857
100.15263039999769
108.63450799999944
115.79074200000058
111.57121900000014
112.24700399999747
112.8715940000013
106.28509200000155
105.98136399999946
106.51122299999939
112.17121100000116
115.17626600000128
114.27839800000154
94.9610994000006
108.22280810000005
99.36110069999879
106.60321000000093
102.53220779999863
96.19717320000055
95.57855499999924
92.66933999999995
94.46088560000187
93.44430480000167
88.80786499999873
84.77646149999839
90.49856880000068
94.0288910000014
97.68829429999884
102.44662239999988
95.85651750000143
85.25386799999956
81.74127759999777
93.82019300000128
92.44225110000123
95.64128639999807
92.31156119999997
92.16590000000207
86.62249940000137
55.35522859999981
90.35564600000127
81.62471930000135
78.99333349999954
80.16094839999967
92.29579599999839
96.30180989999992
86.73213529999839
83.56549999999832
69.4722627999994
126.37983060000066
97.62519780000119
88.0732185000013
87.86959150000119
94.95500420000111
95.9875703
98.68117600000227
97.66040450000156
91.46419639999816
