74.1656
72.36782759999903
69.39561379999921
68.34188240000121
69.44482200000017
67.01632199999985
69.53264279999945
71.59379020000151
69.7897574999985
76.27653699999999
73.90000879999978
71.04621799999894
68.79890999999851
70.39904400000103
69.32734439999923
66.21563729999978
71.14805759999996
68.24051289999966
73.01927439999946
72.56202289999942
72.43199199999925
73.43917999999952
72.16028200000069
74.30486599999985
72.21430799999943
71.42369270000114
70.79914039999899
71.82667599999948
70.86999999999996
71.71945679999904
70.75977029999909
70.66422139999894
71.9546730999994
72.94578560000018
72.94988460000107
70.94200249999872
69.11127539999909
74.16412039999915
70.19914079999812
70.83721279999968
73.7085209999994
70.94316639999889
72.5818580000004
72.31010259999957
73.27333799999927
71.83536649999965
72.95447999999948
72.43710599999989
71.45403119999999
68.52701190000079
70.74722199999951
69.75748839999935
67.9314411999991
72.42250479999905
70.79797040000106
68.81022129999923
72.9368860999993
69.24136439999921
69.13951229999853
70.39201119999949
69.15717370000048
68.62681200000121
67.5672060000011
64.97202720000055
63.37928659999879
67.95003370000087
67.60340310000035
70.57761909999938
68.00087020000102
65.90002030000099
