78.9474
74.93948870000118
78.96766759999934
81.72763820000004
76.92309999999999
81.21391469999902
84.70144490000102
86.885130800001
90.90910000000038
83.99557349999863
78.84359999999891
55.05940580000057
84.8279284999993
78.84948800000035
81.46162959999936
78.13236610000008
78.72975600000008
80.98354979999853
83.97780380000067
82.66857809999985
84.48669239999991
83.10167359999937
87.15036470000025
84.17249549999904
88.22378580000073
82.63085179999992
85.13564000000054
81.26128729999857
75.326706
60.20438099999928
40.497761499999
53.58475079999987
81.69311759999836
87.82646200000002
74.47499090000069
79.81377179999862
80.67846819999987
