74.9064
86.97774509999924
80.41375079999831
78.30636550000087
77.2225034
88.8634964000016
89.58393430000065
67.3844102000005
89.67146189999764
86.5041815999992
76.52675919999888
77.17130159999998
82.046177999999
86.79540840000156
87.46360000000149
49.982876200000696
91.74126700000052
85.78103160000181
86.24124599999952
87.57687499999987
86.91297250000115
85.71430000000137
89.16910609999867
91.01103080000162
89.59940439999988
89.83298279999808
89.48613539999896
91.92391480000173
95.11715440000131
93.93328450000142
64.46782959999966
90.77220869999974
90.51851520000108
84.57605759999905
90.97475259999933
85.23017270000165
87.36554860000165
91.49231620000042
93.18929470000143
92.30770000000071
88.1435988000005
49.64493990000031
86.91586209999922
75.93628789999975
82.74251979999892
84.97174000000048
88.3003100000006
95.7173857000013
96.25166499999867
95.08719999999919
53.091443999999356
82.58919529999983
82.74471059999881
86.13851559999979
91.71487799999849
88.61355250000038
93.22306190000165
86.77043449999945
93.37415940000162
85.81348600000068
85.35621229999981
86.25907550000028
89.54298170000055
63.564371600000875
99.17051419999969
98.75743279999917
93.38892550000108
89.47611439999964
88.15961360000013
89.89941010000112
91.7228156000018
92.34610800000134
93.36688300000161
93.66532400000047
94.35004049999918
90.3200320000016
85.89810150000083
83.07752029999875
86.6227360000008
77.5666416000014
77.07052990000018
93.28224480000101
91.307429899998
87.86992579999986
87.08269999999928
58.30983149999934
89.55220000000055
91.18683169999993
87.47057760000023
84.75639579999908
83.85017159999899
82.21967559999888
