85.7143
83.33299159999846
87.08269999999928
60.108029199998654
96.275
99.72660700000124
98.42917600000078
96.30085550000068
92.40491640000107
86.6371650000011
82.60027999999988
79.26388639999809
74.0377463999998
76.29498170000122
76.00846200000079
78.2658235999998
82.2631390999995
84.79933509999982
91.0639563999983
80.81704890000125
82.74576099999906
76.21442249999902
73.05711499999984
74.99146840000094
77.7165115000009
77.92210000000074
79.22384240000135
82.07348989999886
84.45710400000031
83.82053699999831
72.58967799999915
58.905024000001184
75.93214989999993
74.79685259999977
79.354556
80.62981200000017
90.2194021000007
87.28400110000126
87.31904789999965
