92.3077
116.56155310000051
96.56750139999895
100.48883910000161
102.64321000000069
102.17530699999993
102.57484000000257
96.14688820000188
92.9416256000019
93.60370000000187
63.39116769999967
135.2831480000026
97.94458540000088
96.29895520000218
96.46300000000215
61.49966759999842
151.72032600000173
106.82402399999832
106.13592200000237
116.49392600000256
113.42200000000194
87.12663760000078
40.89211519999977
86.95007469999967
90.56727760000014
94.36894349999942
96.81218600000052
94.22854200000089
104.18454800000148
92.62599700000102
91.12336950000115
87.56067760000114
76.52071050000062
