130.435
127.99736000000092
126.25901100000081
125.52300000000086
67.44689400000058
134.1169090000007
134.04565000000323
125.96112399999696
122.44899999999708
76.4684829999986
141.9565600000006
134.54974799999928
136.67399999999924
76.2372240000004
131.78141600000131
137.2428879999978
130.74813400000093
124.96304999999838
98.64652540000095
122.68302770000031
123.94490000000087
123.60256399999948
114.97084200000006
121.36942400000252
125.09465999999885
114.66089600000012
123.96248000000165
131.50600199999823
123.0895239999985
126.04096900000043
126.81499499999927
123.30792000000092
116.55705599999831
120.90752699999688
121.51177599999868
120.62097799999985
125.34339199999975
128.5719919999991
133.0543880000009
132.5701459999984
134.6908329999999
101.38028649999968
125.19905300000028
