84.2697
95.13716400000038
86.9060480000008
83.88969560000103
81.46619159999838
89.6315511999993
90.08618110000167
86.68142200000027
81.81942799999901
84.22606850000143
85.71430000000137
46.99952759999873
30.64349999999927
27.07966560000069
77.34612320000092
84.8023769999992
83.4089827000014
83.0720646000011
90.35627200000005
89.90810220000074
86.9204605999986
84.29542269999864
80.33608069999904
85.10741700000008
92.16410519999928
85.16587349999955
82.86803829999849
77.2671636
82.16887699999984
90.75963949999908
90.5050750000004
83.29089209999846
82.09931959999967
83.23412289999895
84.82050860000207
83.57966500000018
84.5669624000005
87.66011530000077
87.82852810000004
84.83695159999954
86.67862140000142
89.8476013999996
84.99032420000174
83.44920000000141
53.705831100000495
112.74492959999915
99.01645130000014
91.19469570000028
91.48008200000011
90.6262431999994
84.8912759999992
83.3691823000015
92.51546500000187
92.4048603999998
91.9345921000011
94.06091769999894
97.21467949999999
