87.0827
84.87039730000106
82.04664019999991
82.67489040000137
81.32932800000201
77.43042000000074
83.46875089999989
86.85467400000059
82.47246129999853
76.98632019999988
79.82861809999962
81.08110000000026
86.90949680000023
91.55785259999855
87.31371789999959
82.68099530000013
78.61083659999957
87.02012759999981
88.25358120000169
84.9152060000007
89.05836250000091
91.37083000000092
89.63709260000101
85.69490890000071
86.24065949999893
97.64578550000132
94.22687899999988
92.35974520000146
92.2573328000018
89.94585799999817
95.701863
91.75191760000061
88.16641529999939
88.41664389999984
93.05401400000186
92.31471600000192
88.64629119999992
89.71123759999976
92.56250920000072
90.84216149999986
81.80499719999828
86.03814489999905
