91.047
98.36070000000086
60.43223279999937
67.40612150000041
71.02963259999919
74.19309999999899
78.52105440000017
80.62807129999945
85.86086839999986
85.66113620000061
80.4549816000001
80.5569265999994
88.6067368000012
93.89489859999915
87.80736050000081
85.20153959999972
101.22389520000179
93.0400543000004
87.97325250000019
94.37677150000053
92.22366919999996
95.51111779999908
96.75914769999969
97.84077800000033
95.2381000000013
96.73578110000211
95.05656370000023
95.24165450000103
97.17999150000108
98.50449930000076
102.52413600000139
92.93346100000075
88.06602070000103
85.14397119999984
90.87928140000152
95.35410440000221
96.20109620000066
95.11129960000129
96.45616080000083
91.09733699999957
93.75
87.05824309999853
91.87144540000187
96.0579432000001
108.37046600000073
103.59579199999979
105.26300000000198
71.39954540000028
96.08457940000008
