84.2697
81.04356479999967
87.0627352
94.17444899999991
90.11781900000055
91.79858710000076
91.16415519999927
89.62489579999955
93.40683499999814
90.03594319999826
91.25522879999976
89.02765440000053
90.35277100000084
93.27596850000104
87.20169000000183
87.63355160000005
79.6297896000011
86.39129899999999
88.6147436000011
88.83793759999998
88.06498540000209
92.24176300000079
86.46703160000075
89.14760480000012
93.35006099999933
94.5705229999987
96.17911360000117
96.56996720000014
106.23278500000046
110.4893849999992
107.6310690000012
106.87361300000161
104.41367099999844
106.28796800000036
111.043504999998
107.41878439999905
102.7266315999995
