100
105.2588599999979
101.67686250000054
109.87996500000087
110.07237000000052
109.96750600000276
107.012984000001
102.5800660000013
103.44274700000138
108.9428800000011
107.13650400000004
113.48635199999957
111.50407600000015
104.52770200000049
112.31082199999865
111.18343199999875
120.75447000000058
113.46008800000062
114.05578399999833
116.80961599999762
111.05490600000172
109.76057400000127
107.56352399999699
108.1079999999973
81.3003444000008
138.12688000000077
96.27399220000225
98.2244000000008
111.09987999999713
114.89567099999842
108.75416999999821
102.1106842000005
101.4046143000016
112.13704999999744
112.1607449999981
115.49096599999989
109.14293700000091
105.42177399999991
117.67302099999944
115.56407500000209
117.55868699999904
116.62785600000315
120.35482199999907
116.33912999999953
109.2364109999998
105.23669640000028
101.84366080000099
110.91763999999858
111.70348799999697
106.98247999999937
96.42716199999703
100.82207899999814
117.50969599999853
103.13433000000025
110.30065499999682
107.07917999999997
113.31592399999977
