68.9655
70.04089619999945
71.18977499999988
71.01260199999923
72.06552159999988
71.58783039999936
66.92494150000108
67.60279999999888
71.5913999999994
65.43920049999898
63.97739979999888
63.157899999998804
63.51535079999943
65.64825290000093
69.12956800000084
65.92676330000039
71.38359959999987
69.33135999999944
68.53826029999954
73.24574450000092
73.04481039999942
69.69435030000083
73.72650480000117
72.4370471999992
71.49549960000093
71.88818200000102
66.51910599999877
70.49320579999792
64.75716000000025
65.934099999999
65.69042199999993
66.58102399999972
67.79459780000018
67.4399120999991
66.88860309999961
66.29328380000064
67.61851780000102
65.51857609999975
66.31936840000024
65.24132239999989
65.4789249999994
65.57359990000039
64.86169659999933
64.9981654000008
64.71106140000047
64.57121349999896
63.31262680000082
63.82039519999921
66.28261879999907
68.78968109999956
68.11885960000029
70.84559740000128
69.13220019999959
64.24710159999874
67.89109399999913
62.6896850000009
64.7881309000005
67.85473600000063
65.51326599999992
67.2393859999994
67.21601119999966
70.29404999999959
70.5760647999985
66.34417169999912
70.67830439999894
68.18179999999917
67.67272639999993
67.03543030000083
66.61634370000077
66.91787520000071
68.63829419999908
66.08195419999873
69.12412250000172
67.18514760000082
69.01639540000019
72.2784404999997
73.01027279999946
70.00661000000063
76.44734400000002
68.99590379999967
69.329317200002
71.01059239999967
67.17737800000077
65.33272970000098
62.687205000000596
62.24070000000064
39.49590690000041
116.30566690000047
161.024439000001
150.62339999999838
148.68968699999877
98.41559769999891
66.8554480000002
66.68586440000017
68.27952159999991
69.94593859999985
68.40361669999928
69.5418817999995
71.67996379999953
74.2657621999998
75.5164285000008
77.45128139999854
84.8004095999995
85.99272880000008
86.14081649999942
90.83845500000012
84.45897999999991
83.24175919999811
77.89868520000117
73.77265479999978
80.94012359999874
78.48322610000136
77.40453130000114
77.52005249999944
79.6323340000005
76.35652259999901
77.47007309999914
78.55076400000011
75.38526759999878
73.26918249999943
72.96347090000003
66.80902420000001
67.29979600000081
67.02022799999935
68.82201659999865
67.09558989999911
