107.335
94.55824690000125
91.8529505000002
94.19842520000078
97.7660090999999
96.35833640000124
97.80989500000216
110.51022300000024
102.21749400000058
95.56923520000097
80.81220960000063
75.27767599999859
74.66857660000092
80.90116449999887
85.55211789999959
90.96709210000041
97.43735700000121
113.49530269999818
112.4474050000003
105.17769080000204
94.41107400000071
85.4401639999992
81.71253200000018
80.53825809999786
83.62296399999902
85.67341509999991
85.09248800000032
87.4007560000019
83.54000209999924
90.60643000000151
91.57900149999863
88.61909220000115
89.23451419999907
89.8417425000001
91.76812040000038
90.54142450000039
97.25317060000022
101.63161600000146
98.24541760000119
90.36238160000079
84.55964260000177
81.55343499999913
89.04307870000008
