85.7143
82.28560550000088
83.61097000000021
75.119844500001
78.90170640000015
78.98843040000013
76.64405759999994
47.40611249999969
76.28979119999948
72.83482419999963
73.19233480000103
78.01369459999977
77.4863376000005
75.70310640000086
79.86789949999968
71.06448019999984
71.10515889999937
76.16094969999979
70.83903199999935
73.48945369999944
71.25890000000062
71.25890000000062
28.307681200000637
74.32589510000125
78.49998599999934
78.19165389999972
76.6477862000008
75.17343759999927
73.04064289999883
73.05313719999988
79.60406080000033
71.50581999999937
57.483945399999676
65.27963360000082
81.14379080000003
76.6882948
77.35506640000126
70.83312439999804
66.96286620000122
66.71989819999907
73.58366219999967
73.05017069999897
78.18074870000011
77.7451965000021
76.09225460000013
73.97522519999879
72.72179619999928
77.2495731999989
71.34359999999955
55.92086040000029
36.60770000000032
41.62932699999976
73.2600999999996
73.2600999999996
31.157341199999863
74.12171640000048
78.98078999999831
78.23488260000123
74.47812319999935
75.0
55.0967189999999
65.81986200000041
78.51637040000011
80.80626959999967
78.6490376999997
84.53140239999917
82.19024339999896
78.34901980000083
77.82100000000088
46.092708599999845
