84.507
77.07058669999961
63.41036160000093
85.22131200000035
83.30387769999906
80.47411109999936
80.9857955000002
94.20000579999987
97.73691700000036
98.65118450000078
85.8000745000006
80.80097999999852
74.50950440000115
73.82383559999876
73.99047850000034
76.92309999999999
69.26475520000004
41.183559600000144
80.50054930000002
84.30550730000087
80.75326919999964
83.25968080000021
80.7961725999991
82.97324020000013
82.27675449999917
79.4511679999991
83.44945360000047
83.33793879999882
86.00215199999958
87.31099850000092
83.17153019999931
80.05127759999922
85.56567010000124
87.93247819999995
84.17422400000171
86.8827487999997
87.13879360000045
87.79335890000178
83.95305000000009
86.49754849999985
84.63896200000121
88.58505199999995
83.33329999999877
