84.507
85.5720962000006
84.45236999999902
85.40520649999998
88.35122399999776
91.87250800000058
90.26555000000202
82.08593490000084
88.0536608999995
81.52881039999933
87.61718789999858
80.76297459999822
78.78079680000143
89.38274660000093
90.79914969999986
92.45832990000079
92.27596720000078
98.35896919999985
96.51460140000124
95.2381000000013
96.754778200002
91.76059360000016
86.41740780000079
90.49787159999954
85.64002289999996
85.86402300000022
83.64174970000026
88.20879200000078
91.58305259999925
95.15625299999994
96.18145980000075
98.68801399999954
101.89638719999924
99.87274220000069
97.55689800000101
89.12289059999925
90.01872460000025
87.54767820000194
86.5175507999993
85.48247439999906
87.93510580000189
88.04720240000016
88.95634760000152
87.79582520000083
91.5939712000016
91.54737999999995
85.6445410999997
83.65291250000047
84.51430119999884
79.50791800000053
84.88171889999994
81.15470869999882
81.08110000000026
87.05719120000101
83.11817479999866
78.53874120000096
83.57407579999861
81.74876369999897
82.59223220000082
87.3939445999996
