93.3126
83.45832599999981
83.2672350000014
84.74198130000173
85.93502079999996
88.45276079999883
87.42146000000136
82.83404320000118
79.46260159999831
80.39950499999864
88.03390540000004
92.8647600000023
89.8125626999991
89.25064930000077
86.740618100001
85.82103439999862
87.53340800000113
85.77667660000004
84.39920460000134
86.70519999999804
87.45696499999907
88.5865292000016
87.77591000000126
82.98845959999903
83.58851910000033
84.65664499999919
83.01349200000035
86.25173230000036
97.06765910000048
105.70748299999883
108.20224200000007
104.38776000000163
99.99762520000164
98.49153100000088
97.61970399999886
94.7804314999989
91.51854000000102
90.08636679999732
90.33196960000114
91.19251389999856
90.59611090000115
86.96456489999957
88.12194280000115
83.26295599999916
82.10027279999846
85.09658829999917
85.12465669999986
84.8916219999988
83.4297454999997
88.61024040000191
94.00565170000152
97.6653578999988
99.05307140000184
92.94954650000031
91.37398680000165
92.48652029999975
90.61864960000152
87.48695570000045
87.12636000000067
86.21091599999917
88.48571280000115
95.29303360000135
102.91244479999834
104.32403700000069
100.09246039999913
92.6620855000005
91.76605740000056
87.82942760000083
84.61422370000018
85.77983639999947
87.04168499999942
89.80132920000118
100.92282649999915
110.62028000000073
109.47503399999731
98.26592550000306
91.15898060000099
94.84685000000096
94.89626749999982
93.5719849000017
91.6292395000019
95.13978279999927
98.85940979999722
101.3327284000006
98.50384300000073
96.16120989999891
93.09462200000054
96.00845740000169
102.00545499999888
104.16518679999895
95.30599960000153
85.46802479999928
87.0265298000002
87.28569380000042
85.64150839999934
85.23476320000083
94.12996839999956
106.7313068000012
111.03230299999908
98.5110535000007
86.96326400000007
84.50345510000095
85.68316300000133
85.85398700000223
85.77167679999909
86.64448420000022
94.1298760000004
100.26813369999856
104.16068500000065
100.11608319999918
89.79992059999823
82.48342730000019
85.89229840000141
96.01881750000067
