91.7431
81.5813119999987
79.4406592000013
84.01730440000047
93.26544680000185
92.34932379999793
89.87212040000016
95.0929838999986
87.4729070000013
87.06484549999846
96.17548480000222
90.326558000002
96.15547679999925
100.77667079999954
105.00788500000115
103.95762200000063
98.57732729999834
99.61870899999815
101.83272179999767
101.02971980000035
103.30083120000062
107.2300979999977
102.89514000000047
104.61491199999728
108.33620499999905
108.49689399999878
105.98023399999877
112.67133600000254
107.27972000000156
77.27569640000041
107.38037900000091
110.65495999999895
112.12760400000239
114.33786299999966
105.88548799999786
98.68691830000128
93.36146399999937
98.55705640000095
103.02651299999945
105.33810199999807
108.28473900000095
109.12589200000305
105.03073999999879
108.44277700000025
107.75148200000045
105.49020199999786
107.7739250000023
112.77509799999994
115.55659000000006
113.3164659999995
102.35017960000083
82.85621310000276
102.25075180000098
118.83339199999688
117.98905600000047
105.7290121999976
92.96576479999935
