26.3505
51.87579679999972
86.9100800000008
86.83070000000072
47.84483979999988
30.0
35.02894529999939
138.70045250000166
94.04390000000035
74.98847679999872
108.54664709999948
111.4261426000017
93.35980980000042
96.93050000000126
64.87046159999875
87.58593320000034
95.60194799999847
91.19436240000071
97.99283099999842
97.79618100000127
84.14908769999849
80.17336960000002
95.96515220000143
93.08802379999884
99.29507139999869
89.5934214999998
88.36520000000017
60.6155861000004
93.04255600000211
94.3051746000018
92.30770000000071
50.23836280000067
47.36984349999954
46.911599999999574
44.41883190000054
140.17926520000168
89.55220000000055
62.29313739999855
88.31281079999866
90.21145379999996
101.25871000000144
95.05279469999931
89.55220000000055
65.05191570000098
94.536483500001
93.53942419999998
93.75
50.6884391999986
151.8418854000012
107.52368880000134
48.8202000000001
41.30041080000027
115.59747479999847
154.54656599999927
69.31627859999942
102.7779802
97.60906740000007
93.41916260000195
97.40340250000123
93.60370000000187
51.61501859999956
46.49789719999982
46.60088960000079
46.94840000000064
40.70966409999954
31.233700000000457
31.32934680000079
89.05214009999922
97.19083060000203
96.61840000000178
