50.4202
98.38393750000157
97.24140100000056
95.75223070000057
90.771599999998
65.87978549999919
94.32938440000056
96.58077940000024
66.45469040000187
100.04268280000039
103.27000000000059
82.55888799999956
128.8164760000004
110.32790500000053
98.87216160000077
98.5185680000013
88.46391880000161
85.71430000000137
41.48365999999953
39.6795596999999
96.93870970000215
96.05404999999993
93.75
86.94637800000066
30.753499999999637
57.95781799999877
98.51385010000119
96.74655019999986
59.29622900000067
50.50510000000033
34.25318080000049
36.39051420000026
77.85685670000025
88.23530000000025
46.691585299998486
29.14040000000021
42.19960130000043
97.97143059999999
100.0
47.36407260000099
33.707900000000535
25.599771499999665
25.434499999999627
27.90877499999929
79.53608350000016
65.9932484999989
87.82756340000057
87.69509260000063
68.34034480000079
90.99082000000124
89.6861000000012
67.42685079999904
134.55729000000187
96.05574859999965
93.75
84.5625
32.22141520000043
92.33454919999863
