79.0514
69.76183099999949
75.92630570000011
77.92210000000074
48.987964000000474
75.01821400000101
77.02180000000106
40.76449440000031
69.64891150000064
80.75370000000083
41.533097000000666
71.51866699999934
75.66921580000074
77.02180000000106
47.12300799999969
74.02375070000069
75.09390000000079
39.02977159999866
101.67666220000145
90.31287929999952
80.64932089999841
76.08680549999877
76.58539509999977
76.72629999999984
46.08049390000107
74.33436700000063
66.04072920000166
64.46790039999992
71.16612639999943
43.79559999999982
43.41472799999982
101.4977227999987
170.1667690000008
147.64853680000016
90.27609039999929
80.3299694999989
48.0
43.926094999999805
94.05695800000147
99.98990260000096
94.91480380000134
92.02877280000118
94.81580319999995
