76.9231
73.35152650000005
74.01874240000107
69.39643429999899
75.2895669999993
75.94939999999895
79.99644759999853
93.75
57.88945500000137
86.25263920000071
86.49532959999958
80.85842209999959
76.50002350000044
80.21666129999856
69.01652800000065
74.36667460000106
90.94923850000025
94.0637690999983
85.41546859999848
79.92509149999864
91.96788799999895
81.5442034000005
80.34650379999867
91.1311280000019
90.34444120000087
83.08114120000049
87.30037000000024
79.97329000000047
79.05109180000031
83.972545599999
79.81457800000024
82.19180000000044
83.70707719999947
81.10534399999909
82.35379090000019
81.60517700000108
80.833336999999
76.19602570000174
78.16808000000076
82.62785299999963
81.88738760000014
80.47183040000009
