110.906
89.97381669999987
87.23846560000064
87.19040530000073
82.9676497000005
85.56996369999895
87.6694239999997
83.07040690000044
87.63802340000021
87.71278880000149
89.00816419999842
87.4491791999987
89.60641320000151
86.60587740000092
91.44644730000121
87.90140060000093
92.53228140000047
89.93867060000075
93.00973969999846
99.0585800000014
93.00023840000112
99.54960480000028
95.2338082999984
90.771599999998
84.68990279999848
41.503218400000286
94.97748219999983
87.21223740000057
93.55229020000087
96.13671849999987
97.047881999999
93.2186630000002
93.20104479999928
92.56253410000173
92.30770000000071
93.70321600000098
88.23530000000025
88.23530000000025
63.18084059999921
173.60219199999975
146.18814199999994
99.00234600000144
91.56625489999888
95.62367020000019
90.90910000000038
63.00906510000134
93.75
93.75
62.85448709999999
104.00068090000062
87.08269999999928
79.15291799999888
30.441399999999753
30.441399999999753
92.72335369999996
102.29565859999977
94.25310799999993
