87.9765
69.24139070000129
88.90546329999975
97.88341429999993
93.25372090000215
88.68567979999992
89.63758270000098
86.3787691999983
79.7813399999998
62.47183889999924
69.3562400000002
85.59968700000071
88.98905800000001
88.17136000000026
85.03224500000037
82.19180000000044
63.57842870000059
27.285100000000146
48.94041600000013
84.50699999999887
86.93389750000071
87.14264639999841
79.74784959999901
83.15008769999865
83.39107360000018
85.86887049999977
86.2264696000014
87.93860900000007
83.76038899999858
83.83564359999923
83.82850839999918
79.35958160000072
78.56209199999927
80.82996720000078
84.20726810000032
86.15598599999943
84.48138209999988
88.57461780000025
84.31606280000037
82.91395649999976
86.46007200000017
80.66630720000016
81.61622499999822
83.27487400000123
79.38836249999898
80.16372750000035
78.31328770000118
81.45535520000027
79.45360639999807
79.73939569999999
68.83775089999897
38.486199999999535
38.64667299999957
81.02341980000034
78.38123459999946
78.62775810000086
77.02499799999997
63.009069400000236
39.21570000000049
36.1840908000005
85.95588840000084
114.26662259999874
74.39610670000158
80.51689680000023
77.92210000000074
57.17400400000021
39.49970000000026
29.11482260000006
58.75456750000035
87.24659000000045
