95.2381
92.38751279999914
90.36812110000005
92.85402760000058
92.73185380000203
90.48326279999985
92.69322480000034
89.47189320000099
87.91492469999915
91.84887490000074
90.99522000000098
81.43426199999982
100.47945920000002
96.95242220000141
89.56926299999886
82.61894359999806
88.63586329999934
86.10084499999972
82.47285289999978
86.54163700000083
87.88296610000133
94.348849299999
99.25735630000044
102.42489820000023
98.29355179999993
90.63294230000008
80.601204200001
82.26720670000005
83.64890049999872
80.43094689999975
78.52894829999899
82.70627869999963
84.2351673999988
83.46103020000015
85.39657479999941
86.03137089999994
89.62466269999962
86.32460640000139
82.9105774000006
83.81822700000082
84.46945919999887
81.51694409999965
85.78163980000143
91.37058840000034
92.7342074999978
91.67989749999917
91.30550290000141
97.5522499999997
89.28661499999944
88.41531819999783
92.18029689999936
99.22282749999803
100.68203180000133
101.25345520000234
98.37159249999854
99.19615540000143
101.50827920000219
100.87272509999737
95.09024090000095
96.83077240000003
98.76452750000088
98.13065480000078
98.74501810000135
104.75273430000209
102.95884779999894
97.6249281000006
97.06796780000064
97.29286850000112
98.5237185000016
100.88906949999995
95.00180579999835
