83.3333
87.76114000000018
89.04881920000021
95.72857800000126
94.40176280000185
92.25527279999845
99.90675550000057
97.8350225000009
105.40587499999695
102.3069199999983
101.83600400000151
94.22103959999947
87.32419519999868
88.15331400000203
92.26742880000062
94.29529249999962
98.81421459999977
98.11103400000044
102.31571790000129
107.37262809999758
104.75958900000064
104.93257299999958
109.28999999999789
80.41114559999922
94.13537880000128
108.87348740000195
79.63030120000074
54.052216800000195
111.12462950000139
111.0554279999985
111.0670959999994
113.57990999999953
109.18333599999937
115.64620000000173
111.97992000000224
112.78200000000236
76.58318100000061
103.78003400000169
