75.9494
76.77010260000161
79.7220494000003
76.99383279999905
76.95290740000067
79.29906730000029
81.90301799999996
82.4206268999996
78.52894829999899
79.76096300000034
76.95240400000053
74.03370119999947
80.9121780000015
76.22418109999941
73.19778820000023
74.61550719999869
79.8368962999995
80.55001439999769
80.01381250000037
71.76569499999898
63.73083939999873
62.93571520000069
65.43815550000055
70.0351149999986
74.1655999999994
74.1655999999994
31.516097200000043
84.406657
64.10754250000012
62.5763800000008
