88.4956
81.93903479999956
91.22404700000153
92.20189059999866
89.22300379999966
86.65463300000165
74.24871619999867
69.09587679999927
81.21621549999945
85.69509200000141
91.36256540000048
82.9299130000004
48.939599999999736
43.75201500000082
41.724600000000706
28.605114600000082
52.37238499999972
79.83396309999944
76.63842940000171
73.65526000000034
81.82839999999882
83.46945250000122
86.75211399999834
87.00034069999975
81.05914189999962
89.72962750000096
81.85921870000163
87.21108100000127
87.16403600000021
87.60136999999958
90.51636240000073
93.3943561999986
97.98400580000038
91.9585254000005
90.08258689999948
93.05868000000156
91.26193300000118
93.60370000000187
80.0040672000001
134.27594310000103
98.42272899999863
100.9060921000018
93.60370000000187
80.76417850000031
50.39431600000001
103.32444350000114
