96.7742
87.08269999999928
56.56627359999997
87.5805541000002
95.34882679999991
96.7966211000007
89.07244120000158
87.49366640000147
83.61984969999878
77.56076959999982
83.58402040000023
80.80474529999908
82.63820219999879
83.91681279999837
90.90423199999944
90.94205000000053
90.4837084000001
95.3802211000008
87.56390100000037
85.77676849999995
87.04746559999975
81.58959319999961
80.62947760000063
92.45741519999824
87.2306412000005
93.6117280000007
95.54758949999956
86.53767439999865
78.04886060000129
82.70538160000017
87.63431720000004
82.25347679999865
82.03884739999967
82.95629920000177
84.31308799999994
96.42444099999898
95.30253859999948
89.79011299999854
84.32526700000167
90.82029459999819
89.0562073000013
90.90910000000038
82.46156840000023
78.56662549999984
75.5160938999983
81.24965389999922
88.1198900000008
92.21757030000053
89.25804369999982
93.34943310000062
90.39632229999823
83.35200029999945
82.10960830000006
80.87600719999918
76.27077069999946
81.75846459999858
81.08110000000026
