85.8369
94.93670000000094
78.89626420000084
136.19843209999814
81.08110000000026
90.26765800000159
89.6861000000012
83.22446919999986
90.87019320000157
92.02486340000013
89.05529489999999
76.92309999999999
83.91266579999952
81.1428619000001
77.4413657999987
80.89495180000036
82.57876849999973
81.98198000000006
95.49966289999999
95.04265040000062
95.51625130000157
88.44260059999915
86.6425436999997
97.35519449999906
108.41309600000008
108.04311999999821
113.1625199999975
109.23787200000186
111.9037490000002
118.66892100000109
119.20945900000163
117.57366399999974
