146.341
136.60912199999913
139.51654100000033
144.48901600000062
141.9620250000005
106.71525299999998
146.31750999999903
143.0975149999997
144.4783439999995
147.5449029999961
106.89639230000029
144.53859970000207
135.8870049999989
138.80575799999963
134.27381499999817
140.68765900000187
133.74334099999888
141.44689000000042
131.03867199999797
147.3097469999958
138.2233240000016
135.77253000000206
137.0757599999988
130.5729159999995
133.7496679999983
131.3863790000034
137.3498150000015
128.0330800000001
