71.4286
64.85026559999947
70.02463039999931
69.49924839999983
71.43851580000116
69.7477973999993
68.90023919999875
70.0283781000009
70.7498121999994
68.4264513999993
68.25213239999988
69.40228579999905
71.23840019999948
68.40190739999906
69.84127639999942
75.11435039999996
68.5697314999992
68.6794494999992
70.3700219999996
68.725182599999
71.32148399999939
67.64936049999955
67.59675399999935
67.50020699999924
72.39479449999921
71.0518246999987
67.20382229999915
72.07042639999926
69.59599229999874
68.5990941999994
69.91444059999941
69.44826759999916
68.55561160000066
69.5758398000007
72.02501190000056
68.66504530000032
69.13033759999925
72.9486706999993
70.54101629999928
68.34559329999918
71.04553999999904
71.40954699999989
69.50999009999842
69.07044989999875
68.75593629999888
72.07318939999936
71.42859999999938
71.92860859999936
68.47744919999958
68.47650949999867
69.56218730000055
70.02663999999965
68.74936799999938
71.99516079999985
71.4874041000009
69.41907959999921
70.66847579999887
71.71957459999929
72.71630639999982
74.39186720000009
70.06377899999927
71.9824115999995
74.7311788000008
72.33257269999906
70.02271339999862
74.36949600000072
70.5305694999989
73.50566409999912
70.7287124999993
68.00393999999868
