61.8557
68.3684239999994
68.5077159999988
75.80056359999978
80.52163219999895
72.64023899999991
69.67232900000012
70.47068900000151
74.9241851999996
79.82951369999982
69.15522860000058
63.493090200000694
61.653949400000464
63.222903200000445
69.45878939999879
72.88692160000062
71.17311839999908
75.20064399999787
79.06577649999949
81.08110000000026
83.8841860000012
82.35813750000035
79.53261420000007
78.43478649999976
83.10911859999875
79.4080735999994
83.78019199999976
78.98592410000133
80.97941249999931
91.300663
68.29726300000002
48.780500000000615
39.57759920000051
29.422143399999477
59.975588399999765
83.72522830000035
80.53200810000047
75.0633224999992
74.60243479999983
75.51039120000074
82.3982576000009
86.95650000000022
84.12794200000243
90.33442029999895
89.86023199999957
90.53438800000181
90.53588080000071
90.60653060000014
91.51409829999987
