84.507
76.25590000000089
77.74457380000098
72.56200680000113
79.26377069999879
78.113934400001
74.32316709999976
75.9886602000011
76.88395720000096
76.824600000001
52.75688290000039
46.20697599999993
71.98240979999932
77.45254800000097
77.6141965999999
81.49261580000035
76.86399999999999
77.33690599999844
80.60677580000171
77.28820399999886
72.27510599999943
75.03091959999848
80.32263859999972
77.16797880000121
77.52565500000048
77.35966299999995
74.78065199999918
79.09979149999951
77.32358599999849
75.2725165999998
75.02073940000062
77.66084879999872
74.54728720000095
73.28369579999978
80.88351979999845
76.89374630000178
74.5182207999992
76.61778030000033
83.57923719999901
76.62613660000011
76.0408934999998
76.4330999999998
48.9852323999989
52.020282699999704
81.0431984000004
74.51914109999963
78.8904014000003
78.57248270000076
77.76525700000134
76.95833590000079
80.26339000000016
79.80737119999984
75.25543599999997
78.52966339999826
82.29274219999859
79.19672500000128
77.44457680000063
83.02423499999907
78.36096800000058
73.17070000000109
80.43759950000141
80.42975210000102
77.77128169999997
78.27172730000082
83.25557599999931
79.16982800000052
77.95755500000055
81.05175100000073
79.3388823000003
74.45576960000109
