79.8935
131.25354720000234
87.32633450000131
89.06819999999975
91.77623200000053
84.70763200000037
78.92674859999917
77.90301719999854
76.9659067999998
79.57706919999814
76.15870269999853
84.35581199999972
82.53342919999936
87.5767384000014
83.08017979999993
86.26745730000032
93.1164899999999
89.384978099998
85.68212319999957
78.37080630000001
76.92309999999999
41.3708965000007
123.51555890000216
88.54760760000096
99.2100624000009
96.22447579999807
94.78669999999812
67.9556766999981
121.47541279999969
84.38813679999863
82.30449999999874
71.01941559999904
173.57482999999772
111.44222050000224
95.6067231000017
102.61236320000006
100.31597849999942
89.0609963000009
82.89543050000006
89.64171880000053
89.05154620000036
85.00301399999958
88.80774049999935
90.86115260000243
93.68919719999926
93.95465159999914
89.75331920000013
89.58750740000185
85.40850880000063
86.00802200000189
88.3889963999979
82.10403749999966
81.1878719999992
83.98424159999928
85.99512320000066
88.77584299999977
90.76481320000175
90.02721399999822
83.89158799999795
81.98139649999932
81.34955599999937
80.97169999999939
46.64135509999932
71.46331489999893
80.316877699999
80.89539109999872
83.07457220000019
89.96690000000041
86.4316632999992
86.95650000000022
86.95650000000022
84.24977070000136
76.1553810999985
80.35719980000036
76.1937709999993
82.81658120000054
87.54976289999988
86.15863689999996
90.23941130000033
90.14172080000114
86.90004949999978
83.03083279999875
82.82873419999883
80.53093700000004
80.0
44.301462200001055
155.4400000000017
144.9904743000008
50.14599680000018
85.36992689999904
91.59646050000008
86.1788828000016
85.71430000000137
52.49708529999916
73.66359199999943
88.91218659999957
87.89520320000025
82.01698899999984
84.92371439999997
92.34253039999898
90.05834300000173
93.41524940000038
92.25295480000023
