101.523
97.8450500999996
93.20071800000072
92.39517210000001
98.36070000000086
100.51773300000197
102.41544910000009
85.4276480000005
92.08482770000009
97.69762110000079
106.15102000000098
97.4775643000017
104.46624070000009
96.08312690000135
67.52629000000138
99.24632199999976
87.00818849999891
85.64360840000082
86.022261799999
90.93188719999972
94.72336790000084
90.75131779999981
90.85054480000107
94.6268566000009
93.50701399999949
94.55385599999865
97.34675470000268
109.56210360000154
106.08825600000148
96.71946799999927
90.18194189999983
97.12759200000131
100.3340000000016
79.78204520000183
88.35494280000053
115.85353399999775
109.12286299999718
100.50252250000084
89.8310050000004
90.9475374999995
89.09978809999977
89.58893159999938
94.85564710000162
91.13445920000109
97.21264320000084
94.53204149999982
93.04497440000166
92.74542119999825
94.51296240000036
92.08270920000034
92.82734880000055
98.98097749999936
94.63367149999975
93.76045730000178
98.31198679999952
109.88999999999947
72.91677739999955
95.46119919999914
94.63946630000102
94.38284250000008
103.43505999999846
105.60003600000157
88.87675700000214
110.48314000000153
97.26878399999934
59.62485979999839
95.34995799999936
103.12950000000048
101.31133400000078
100.79404500000129
92.60017870000235
92.90441670000064
90.2533680000002
91.53173650000086
92.44623449999965
105.1415080000012
101.61187299999905
106.47811210000062
101.57150679999818
95.43542799999958
98.59491850000182
101.04679440000082
83.13290969999706
99.44862520000046
107.20459899999992
110.7140359999992
116.58683899999836
118.3163850000019
121.92847600000002
117.70948900000006
115.59668899999889
111.61986500000219
104.08018500000085
99.6373572000008
96.47692800000172
103.75436790000036
107.30557999999935
109.53669999999852
101.68145610000066
103.92090040000096
107.8639399999983
102.3478642000008
102.03564209999901
111.2435860000014
111.09575400000068
107.7703400000001
80.88025679999856
96.15075430000091
93.90412640000052
81.43310289999984
100.239712
103.07765220000027
101.1756991999986
100.69943100000073
107.41787499999914
103.2313360000025
74.59306039999932
102.13684519999985
100.16700000000104
87.84645900000088
23.795730800000484
25.531900000000604
130.0360935000015
174.14631999999915
168.84664800000274
177.79668599999908
178.20087999999797
178.84037500000034
159.23371199999843
119.05698799999988
133.47097600000114
108.16737400000083
98.42830310000126
98.82438150000085
111.0356285000002
102.4487900000021
102.51885250000026
78.89814249999853
99.31756900000151
98.24386900000191
97.12339340000084
98.5626459999992
105.9608459999988
114.3922500000018
83.90957959999939
67.45523849999897
117.74078599999807
85.29408500000049
109.02399480000098
82.16910400000033
108.0923400000013
94.2462844999991
107.90483749999758
123.90841199999956
115.8045740000008
116.54902199999934
116.01342899999877
113.44420500000065
82.18314610000246
110.86049599999717
101.23414800000045
106.4955599999986
104.00255200000264
99.92513920000212
71.01297920000002
108.62774199999916
108.29233299999873
106.13315999999962
113.04443399999938
110.075363200001
88.04104799999898
114.74785999999747
118.58596100000022
115.21029399999995
111.30959200000149
109.52478500000088
114.56566399999863
117.90316999999861
115.58546000000153
112.42140000000052
111.22772299999949
105.731755000002
