125.261
102.65901600000217
48.270070000000345
107.88410500000134
107.98009999999886
119.08265500000158
118.38715299999949
112.4826259999983
106.09993899999944
111.01306759999834
109.67229239999944
110.98161100000014
104.32865999999731
106.07615200000205
107.16565599999747
107.55597599999834
110.68680300000237
114.05831399999907
117.51831400000196
118.65551300000224
109.09100000000032
105.01468679999887
110.00746990000043
98.25354000000218
103.2460315000004
107.52002449999945
104.20986440000236
103.023713200001
102.40088399999952
113.29362000000255
100.17478749999901
92.38845350000024
112.64626500000205
110.1562650000016
109.12262299999732
110.18520600000028
121.19935500000071
120.47574100000017
123.29461400000062
119.7186409999996
113.25059499999948
112.19528800000076
125.80912799999952
122.25344600000089
125.32780000000157
124.96196599999945
127.6007959999966
96.77379040000302
133.09149860000008
128.3161520000017
133.20101100000016
134.72440299999982
145.28237799999974
139.76615700000102
133.22543499999895
125.48971000000172
124.51000300000132
123.49015099999804
109.80422800000142
111.02861199999886
122.99626100000047
121.36979999999959
121.0939900000006
115.65403199999785
120.23654200000017
128.5239639999998
124.28842399999999
123.22308099999844
136.07882299999952
127.82045799999699
126.33655100000149
135.57350999999883
128.3496540000002
131.2303680000012
134.2469339999982
113.33616240000056
129.63060400000023
134.20706799999743
127.45343599999799
131.0526389999986
134.77759500000096
130.87496700000293
134.92538500000026
126.51801499999807
129.05779499999818
107.27215740000153
127.94859699999878
132.84962000000127
132.9548249999992
128.20225000000056
136.24988400000103
130.82133500000035
135.03327000000226
132.892453
129.32780600000206
126.71370899999798
132.5379909999982
106.85613799999955
132.99218600000182
