39.2157
71.09462279999936
74.26550780000152
75.435340499999
76.74686799999986
77.52035199999872
79.8434928999982
85.00488199999938
89.12025680000083
83.82762140000038
85.05069679999927
82.29048620000026
77.64486239999869
71.39900459999856
69.38489369999971
67.12057920000032
69.39420620000142
68.34838990000081
79.48676670000009
88.23530000000025
65.76549300000059
78.34497310000077
82.9541606999981
72.1593100999992
67.8330288000002
65.96320139999882
67.77779669999921
70.32207719999874
65.68232009999886
43.832112699999925
70.40970099999988
70.41930929999796
68.1562579999993
68.88177410000031
65.46526420000097
64.93510000000096
64.23705060000007
127.13654550000206
69.40003440000073
74.89274719999995
82.27108000000065
88.23026509999912
90.44702990000054
87.45350499999928
75.70654899999941
72.91812900000123
66.65441160000026
47.94046830000034
75.67048960000012
76.17042989999895
74.76279799999969
75.80386309999905
66.32255639999977
69.00797899999974
71.99484700000119
69.77191159999903
74.74448529999985
78.94739999999975
76.65792539999961
19.722999300000005
24.439900000000243
49.250996000000455
39.325806800001125
115.3353250999995
177.51500000000325
128.83636659999894
178.42897799999722
141.3763407999981
179.9805699999968
95.72048159999818
88.40292660000195
90.40352849999911
86.94482220000057
81.77674429999797
86.45510509999934
86.00204829999878
89.69682660000012
96.46090900000009
100.0883063000002
92.55905270000001
92.36364080000075
81.13319529999976
72.07541479999973
70.5147849999998
71.6046095999995
71.35195169999892
78.36479010000032
73.88961160000014
75.88836880000012
73.48633000000056
70.02464739999957
78.30537380000003
70.82961779999923
77.305
83.4372665999991
75.3214574
77.94047200000063
79.330625
72.70304439999862
78.20303220000139
75.7657764
74.26073010000073
80.73983540000074
81.822267899998
80.31512250000029
79.45467400000076
83.96122949999916
82.4931560000003
81.2615044000001
83.56731149999983
76.56090879999941
78.30685500000006
82.77282349999977
77.25166160000113
78.23308799999866
74.78911659999945
78.16818109999883
82.58173489999864
77.08212460000195
73.4335190999996
78.43785959999808
71.96151799999818
76.01812649999925
80.36796240000011
74.52816399999959
76.30589540000011
79.98421470000021
72.57825039999989
74.25929619999906
76.83648139999946
85.96589839999984
84.32176900000032
57.99240849999983
77.45696700000104
75.61099999999904
69.13590739999894
72.22149599999956
76.34090000000072
77.8406139999999
73.04638860000095
78.71160400000048
76.90749999999841
77.62438300000058
83.56121050000041
90.90910000000038
79.36028199999888
75.21896500000014
83.00231159999956
71.97130919999867
71.09064409999917
78.73847099999999
72.98604099999875
73.44800320000141
72.67197749999924
81.94836080000054
78.84871359999877
80.40621179999934
77.29506320000036
72.32403940000098
81.04671499999881
76.02983110000037
78.09050800000072
77.56925200000083
68.71572000000138
79.30502210000051
95.84660000000059
66.86365620000133
100.49663039999822
101.8704399999993
92.17390000000015
96.1142864000024
88.65159290000024
94.98177060000046
95.09353479999827
