81.0811
67.43273399999954
70.82515349999926
89.45744490000108
86.27135139999888
83.7406371000004
91.94494599999959
82.46002479999999
86.9252750000005
84.1548338999985
84.17269769999928
86.95650000000022
85.97563350000019
82.52000630000128
86.57262260000006
84.58674479999875
85.34616689999974
86.88506319999966
86.89051080000041
86.59845089999936
81.95225639999948
82.9121362999985
84.25873939999975
81.79703320000144
89.94782999999845
87.79722639999943
91.53349890000099
90.5333428000021
85.74569179999963
88.70130799999977
89.39872959999951
90.14816380000113
93.67122140000023
88.23530000000025
89.25492609999996
88.48197200000071
86.92762160000072
69.01045779999956
77.91705259999941
91.35051519999976
89.42776880000011
88.16571440000111
91.3220291000005
84.86161770000203
86.54909019999917
99.01293849999662
86.45708709999937
98.89780480000135
91.59861889999969
91.5280943999998
91.95161810000009
88.2973922000002
94.65415420000119
91.4202977999999
91.56821929999997
94.10466610000077
85.35281160000181
93.04540260000047
90.5967957999997
88.96153759999977
92.64782460000119
90.90910000000038
94.81756879999888
90.82918919999838
92.16484370000035
89.91806800000023
88.72136799999993
89.26999940000066
90.15800740000023
88.64889640000082
