84.3882
79.180625
75.9413419999991
89.01235500000054
95.43507710000124
82.93425059999946
74.8325370000001
79.24633839999979
72.15980799999922
78.2690114999992
79.20481359999965
71.1848247999988
70.95377689999945
75.62090349999983
69.82383970000015
68.16743879999895
74.8264799000001
74.4039974999988
74.39672880000018
75.97501169999998
83.82178080000078
83.64431909999993
77.29917760000093
74.81561470000065
81.52914850000226
74.84668779999845
73.42410249999938
75.045325399999
76.87396270000029
72.34500800000008
75.01856709999979
75.4403899
71.44764609999947
69.01142500000017
73.91175659999917
68.94167249999845
67.89834299999939
74.7259072999991
72.36500000000045
68.33255249999927
78.46800000000039
73.29688989999921
68.27400760000091
67.15358440000031
75.53939620000021
67.1378658000008
67.92909680000004
75.89992619999909
69.13715439999969
71.26638459999931
73.3406496000012
74.54712159999957
71.68132559999948
80.79586830000011
74.08801820000065
70.98109199999952
77.8024219999999
73.11810799999931
71.062938999999
80.61079479999995
76.92417919999971
71.98361299999944
75.96248560000059
71.57261879999957
69.43429499999846
76.846975999999
73.94480659999977
69.28493039999911
73.24608160000021
75.08758239999929
72.28919999999935
69.36675530000079
79.70573679999984
79.50852880000049
72.0124152000004
65.4144397999989
70.55201389999962
76.14050119999973
70.08683179999966
66.7118542999994
73.78160760000019
76.67766009999954
69.63434069999941
70.10398600000138
73.775074599999
86.36251879999918
81.64866770000036
79.7596990000016
88.30628800000127
73.61259330000009
64.89643200000015
68.37590399999868
86.9412189999998
81.53674069999974
71.91388439999929
55.55899640000116
77.41703170000125
89.11797880000164
74.69003739999803
67.06748479999942
74.86386370000069
73.6805262999994
68.98105519999908
74.51534620000054
89.48551880000035
87.01431979999927
74.42964559999999
82.18929530000118
84.92928809999974
73.70736619999909
69.73420879999937
75.73414400000101
