85.8369
85.2654220999991
90.486899200001
83.26075299999877
81.56354969999988
79.38909739999994
83.7611212000008
79.07066910000152
75.6080815000009
81.18360040000003
86.95619799999888
79.53778810000068
78.94739999999975
79.46317399999985
80.80974390000036
74.38291790000004
74.61291179999951
80.18222299999982
78.4980762999998
67.71586719999885
63.3587014000006
79.4157691000007
77.47561660000103
80.56960000000012
81.41419679999822
80.494561299999
81.08081049999959
83.57999269999983
89.6861000000012
84.74970709999884
81.03129519999935
83.8189535000014
79.4833764000009
79.68008879999866
82.08636499999776
85.07802619999927
86.48558899999904
81.03365169999984
87.38232980000124
87.91684120000156
86.69918140000026
88.29168770000047
86.38153550000088
85.59199999999994
85.59199999999994
16.946294400000248
23.08580000000044
45.57092440000041
123.50874899999798
178.03868499999945
177.44683399999738
177.38921899999676
177.6321929999999
153.03870699999922
177.5584779999958
148.02344799999707
107.05933909999922
81.07665589999982
82.54251420000146
84.55708999999881
80.56441999999969
79.43045970000055
81.06140379999961
78.18047560000072
75.0317955999991
74.1655999999994
74.06902879999951
75.41249089999899
74.44504609999912
81.47696199999952
