67.2646
67.79456039999906
69.68961569999863
65.957099799999
65.934099999999
35.7644485000012
79.73949299999973
72.65701739999912
70.6195955999998
70.93414839999993
70.67139999999989
52.01631160000063
122.99989199999762
114.45948899999922
76.94161999999879
79.78946359999922
75.57918399999828
67.96296660000033
65.9421195000005
64.66569119999986
64.34827879999892
62.62826170000006
63.38957569999965
64.41109610000063
66.51185680000101
64.58342480000069
65.92245219999998
67.57467679999976
65.89087719999984
66.2989348000005
66.27790110000049
65.95744499999915
72.15033940000109
66.64879240000072
66.29830000000075
37.895407700001144
39.23094849999957
64.15668470000061
72.07125559999874
82.13840679999927
77.72020000000074
45.620491500001144
69.58621569999849
113.54260699999877
106.25168269999858
81.68687830000088
