77.0218
72.33744700000062
73.69238999999958
73.20205819999967
66.7613147999992
62.86300999999917
67.22050650000082
67.97749210000103
66.66670000000114
69.24177470000052
75.4981088000011
70.56064739999937
68.14466109999829
66.82420899999912
70.93409130000032
69.12859919999966
66.07978399999946
68.24303519999883
72.71101500000108
69.7529523999989
64.86030519999936
66.51949770000084
67.68911379999942
68.68985360000016
70.3174028000002
67.64775179999891
70.87344790000098
67.93333720000078
64.23100899999967
64.72347119999975
68.64431660000008
66.55619850000025
63.82885079999941
68.67445689999944
70.15520060000087
68.19905149999828
66.24768639999905
67.79511479999924
69.57897329999875
68.27976639999888
74.76925600000098
69.28564600000047
66.71866870000115
65.09687459999958
71.1705971999991
69.91223459999935
69.04490000000031
45.79315400000098
64.22394629999945
68.98077569999903
66.78504200000056
68.7270600000005
70.71040199999874
67.31950000000074
68.31139999999859
75.98304539999961
87.10172910000122
84.5761429999989
73.96591070000093
69.15828000000003
73.66757000000119
69.25569939999903
67.41758199999914
75.09617219999916
75.3963890999996
70.58819999999875
67.7889618999996
64.55342149999943
71.4268084999993
69.1127833999992
