85.7143
89.64218080000096
86.43931159999832
90.64666200000163
93.29713879999869
96.86077489999911
86.49855689999997
92.46988799999923
92.48596899999907
92.44990000000176
95.99582599999982
92.87583799999966
91.22861190000044
87.03370159999933
95.26921400000072
90.98756510000126
98.26821360000167
95.95753120000256
95.35744499999996
93.80619919999896
97.3855653000008
98.91968520000219
98.51802319999811
100.97321099999937
97.04159779999887
92.85192490000138
91.70775789999814
90.73115680000008
95.59833760000286
98.3060982000014
92.42323600000088
91.88365780000046
92.231978800002
92.7557144000003
86.83171249999984
93.89626290000074
90.45500850000104
88.73083549999991
88.256603000001
88.97030749999965
88.23530000000025
90.0762922999997
88.24167800000012
93.09701760000048
96.22815400000124
96.6813601999996
87.70394720000026
84.55085090000016
85.60082900000093
90.46105560000015
94.97652650000202
99.29719240000217
95.99533260000007
92.89711420000138
94.38451760000146
89.71855479999978
