89.2857
80.98461719999901
80.68283920000103
78.5750279999993
79.70533699999994
74.31272819999938
84.87822950000037
93.40108189999934
86.68432720000033
97.5394727999999
100.49887360000028
96.86996500000255
91.12505860000037
90.90910000000038
92.58549899999903
80.6023876999992
84.7203661999993
92.11979950000098
83.24774799999975
85.6825245000007
90.77516149999934
99.36932430000101
92.21145360000193
95.84424700000089
104.84180120000173
104.78978950000021
97.89340399999959
101.65910019999896
109.4271976999987
107.1660103000004
102.68939300000206
108.7270160000021
89.53955459999887
84.88354350000063
80.13380460000047
81.05605980000033
78.59971909999905
80.55232039999987
87.37027119999946
100.0
100.44165459999822
96.83554240000086
88.76364760000136
87.63355160000005
87.90474320000024
101.22619789999888
105.67156600000024
113.73705400000142
113.56925000000219
95.27462280000194
87.63665120000145
82.74800160000001
93.7348048000009
97.50403240000176
102.11159440000178
99.14264609999965
98.18686139999969
91.12976170000071
83.26574409999965
63.9787376000008
104.48618000000097
108.98504099999845
108.88372799999968
108.70391499999877
115.43080599999824
115.66094699999934
95.90790759999963
86.62764440000001
95.633037999999
92.8396435000001
71.12794849999936
98.30864900000094
95.73721169999989
97.65040400000184
101.5118233999991
109.14176000000003
108.59193999999863
111.51664799999865
108.03032600000226
108.73725600000122
110.7004530000009
121.49727400000253
113.52124400000059
115.28269800000314
105.07670000000181
