75
91.72147450000121
88.50477780000003
81.21898999999864
74.28766919999966
74.78720599999869
79.76309239999864
91.65051250000141
92.98832720000244
87.01280279999995
81.93539610000013
82.1833114999993
81.419571999999
89.58502430000121
99.6997534000021
86.10332859999923
71.67660369999955
67.00642420000135
69.33026159999928
75.75351240000005
80.1924796000003
75.46330719999888
76.62904260000008
88.95480019999938
92.18748850000138
85.1821607999988
71.11572420000041
74.71807360000084
83.02555269999986
83.81007049999995
79.06000799999985
83.24955109999885
89.90888019999979
90.5246577000002
82.85822200000035
79.20301000000082
79.33110049999839
83.45255000000112
95.77381010000119
94.63689600000208
96.18620339999947
97.8108662999993
87.97795359999888
79.99207760000002
81.7985473000011
85.7442624000007
83.74233700000137
83.48234149999843
92.98973779999987
100.71456879999823
96.48738250000166
89.62624670000095
86.41351659999935
92.3823560000013
89.97257479999925
90.12800780000163
