103.986
86.37934239999937
87.05759000000009
90.13632620000202
95.87281420000073
103.61587100000064
108.50864000000101
116.24411699999933
118.06020099999671
110.44195700000195
99.11327220000213
92.31187600000193
91.94345059999993
92.97909710000154
93.37693490000012
94.78124550000067
77.80995600000085
82.54870930000125
89.35123469999868
90.04377750000059
89.20189499999933
97.11408650000116
98.9393519999998
98.30528900000247
94.13116999999838
92.43711530000013
102.59851700000105
106.9911270000003
105.91278000000135
99.54044710000072
