82.0793
70.4125159999986
69.76739999999863
39.64529220000039
68.39861530000022
74.97364299999936
78.22689999999993
55.3912635000002
85.2200029999984
81.16488920000042
69.15005850000077
79.85794200000015
86.73924249999799
71.22370100000002
70.25105219999992
77.94676709999963
82.14950560000085
79.11287750000031
73.17320260000125
75.86077120000051
91.36441780000125
82.96549420000005
70.96885790000005
69.84485279999986
75.9961642000003
82.40852879999801
81.11702780000039
78.24312690000066
82.41760000000059
82.41760000000059
74.82019119999998
105.65228389999741
77.27818880000098
74.07409999999922
63.68097799999993
98.74101000000128
86.08183839999971
82.71082390000115
76.49314799999961
77.82231660000085
84.40700959999917
75.09390000000079
55.38613360000116
76.02101199999859
83.39434790000048
91.64158360000064
99.81361650000046
92.44700660000139
76.35056240000031
75.0
81.5302394999991
85.81731600000042
90.09103189999989
78.81049349999944
76.20701460000016
72.97069799999932
72.76947599999967
76.21059340000033
74.9049610000006
75.74797999999883
79.61421900000036
78.18564899999978
78.47280240000008
75.9274525000009
78.56278749999966
93.10963749999824
94.0759217
80.06808650000129
71.15297919999938
71.42859999999938
