80
82.40754160000058
80.41227390000061
80.75370000000083
59.98976270000036
36.0538123999996
88.21865580000023
85.79186480000018
76.14020240000096
76.9491992000008
93.89398780000143
95.78871640000226
85.27827209999889
80.50723729999932
97.0527679000016
95.77626730000189
88.00640559999825
78.8703087999982
73.259665199998
66.98305000000062
106.88594339999784
103.82063200000061
92.74243199999911
94.12987280000145
78.23492800000035
75.84713419999979
71.54744630000059
65.21873569999993
91.75064360000017
83.33329999999877
78.54620860000085
87.73488689999863
