94.9367
77.59035679999904
81.67620469999808
81.37703449999883
95.80756140000139
112.28115400000159
109.86190199999943
115.66081099999853
107.97928999999775
109.23452000000026
108.38357900000312
104.88954199999856
102.07622799999837
101.85831200000219
103.37420200000167
106.40999800000017
100.87924719999992
95.60525259999925
83.83151999999981
86.57395290000157
81.10636869999838
76.56600350000095
69.41061999999893
76.63586499999938
78.20007999999947
79.65906400000046
81.71952700000035
76.56827050000066
70.56419969999924
76.26039450000076
78.34893800000012
73.2417504999998
69.23982479999941
78.77245960000035
90.59653450000032
96.43835430000014
100.76228400000095
