109.091
93.19306759999962
92.86819430000057
92.65877400000073
64.58800239999995
97.56565599999969
100.25429700000112
110.05766000000173
108.67630999999919
102.73068000000033
95.80592110000079
81.92567499999993
86.03871600000018
91.32722160000122
93.47876800000084
101.91364000000071
105.4413490000016
110.0717060000016
100.69150850000185
102.49261500000212
99.16179520000054
99.86215160000201
91.95684560000107
105.18760050000053
108.75815100000044
111.64646199999986
111.41895699999958
112.22065499999762
113.23919300000153
109.67679399999828
109.88891259999862
93.12358059999801
69.75172080000107
103.02350350000104
109.7825300000001
113.31810000000152
116.33174400000004
112.91389600000115
98.08949880000088
89.42957680000185
86.1961770999985
92.02433199999972
94.94915750000074
100.09664000000099
108.85907900000092
114.7683409999986
113.20799999999893
