122.2
125.660793000001
93.89669999999853
103.62606610000125
105.6281196000011
114.54981600000033
116.69899000000083
120.08165199999752
110.27622099999775
106.66903100000137
110.50047900000096
108.72543999999817
108.11094400000172
112.39218799999756
116.70878299999858
119.48107900000127
124.92284299999962
119.71719799999984
100.4332929999986
105.2941870000004
111.72436499999951
110.19774599999863
116.63802200000056
119.48706699999853
123.39352400000195
122.75045400000052
120.9013119999982
115.31248499999872
118.07789499999994
120.78234599999838
123.39301499999823
124.60096499999847
123.59802299999923
115.38499999999812
115.38499999999812
91.82779599999921
151.78966700000072
125.19210399999898
123.18394199999929
118.70421300000015
121.6494800000003
124.00935900000081
123.33598600000325
126.21302000000121
127.5443309999984
120.90715800000143
110.28172700000201
105.91779100000086
106.83566500000016
111.95258599999818
121.85700699999968
128.2988520000018
133.15993499999814
134.34526400000055
112.64879999999947
94.51184800000097
