39.7088
80.10679999999971
75.49178449999914
78.71541200000063
78.73455699999914
75.28689280000096
75.97282780000006
80.96541680000065
81.01732720000038
83.56212139999744
88.08218849999922
87.7411344999996
76.88645229999904
73.63729719999995
75.75168550000083
74.46098949999994
75.09390000000079
76.55890760000068
78.59424990000002
83.61059220000004
85.8390085999994
86.64130489999924
84.94167300000014
86.13337910000034
87.5219509000008
85.06837309999872
78.9693115999989
78.84359999999891
38.173832799999865
74.11672379999821
80.87927520000129
83.3796045999987
83.36672899999942
81.86256800000149
85.76685759999971
82.21396959999842
85.50309440000024
80.03282610000102
82.50781619999961
83.80680500000135
