80
73.1522125000016
72.95305549999937
72.2738133999991
76.42143700000068
76.32893880000081
70.75909649999876
71.31804359999985
65.0813435999991
67.05126140000051
67.55439210000087
64.80700800000193
68.45425049999916
71.9043834999996
72.34924559999996
72.24367299999895
70.2624375999993
71.83136079999937
69.46744349999861
65.96921860000091
69.56969199999978
69.07855110000068
67.23976340000094
67.55970159999984
72.32614140000008
75.06469710000081
73.36010470000097
71.03696709999981
71.1379199999994
72.09740549999994
68.81879699999858
70.41749499999942
68.48322199999916
64.68010130000064
65.03204500000066
63.660392199998846
65.17172979999931
63.33930839999929
65.02766119999941
63.72633279999957
