93.75
80.51935729999914
80.96114639999799
81.7733908000002
83.35918540000142
83.86614170000107
83.9161000000011
74.66880240000002
117.63259279999986
80.53445839999917
77.25767860000028
77.92210000000074
77.94915600000074
82.08547350000025
80.69332159999875
86.01652039999921
83.79808519999851
87.34255440000068
94.69636400000114
90.68110460000075
87.98484119999885
81.21665449999976
78.6911231999989
75.29630650000028
76.93969539999905
74.59333359999991
90.00802939999942
90.04813640000025
83.04842290000006
81.78327319999848
84.53428020000014
76.47084469999922
77.57909869999962
78.01482350000015
75.4925420999996
79.95404549999931
76.80207400000054
74.90703050000067
75.91760779999952
74.29838879999873
69.51927360000015
78.85419509999878
74.2137024999988
81.3244995000004
76.3476432999987
77.6492843000013
77.40935579999898
73.94952879999865
79.57548550000051
78.3030106000021
77.79916599999868
75.39779860000024
71.77056239999877
72.81409059999984
67.9053328999989
66.94225789999858
70.14075200000003
70.57871619999874
73.334383400001
75.05195470000014
80.27923239999991
81.1114401000003
87.80818080000023
82.3672857000001
78.99150519999802
