70.5882
61.90883099999936
56.282407999999435
56.20953439999954
53.98702240000013
58.847566399999174
63.117619599999415
64.36215120000054
62.55400669999984
64.64052810000031
65.86170000000088
45.15844559999997
61.82871200000061
68.08762149999872
66.5822465999999
63.82979999999961
64.33046399999986
64.85889599999956
60.32008249999967
55.51227310000132
54.693831200000666
62.41844390000006
66.07822599999919
68.24262379999847
67.37548610000084
70.50124499999957
68.44888199999909
69.62864969999863
59.093995199998965
52.85861639999905
51.58759399999864
53.00317060000025
54.102800000000464
41.05843519999925
55.6961559999999
65.54203449999999
74.14073080000043
67.90150649999947
65.89906710000065
62.22434339999945
52.585500000000614
53.583116999999
54.925056400000514
56.78476249999935
61.43523050000002
