93.8967
95.43712550000066
94.76808000000187
88.4780166000002
88.23530000000025
89.67551120000078
87.05142380000105
91.31550709999965
99.32118019999812
100.39259050000126
96.93050000000126
55.88367829999893
93.98145180000164
86.52763599999892
84.26824119999903
89.91214159999882
87.29457360000191
93.84024900000125
93.86309559999998
92.103
68.76397019999904
100.38711190000069
93.96630640000129
95.45696050000123
94.17143440000162
93.48432220000062
95.95524660000028
95.37051800000076
94.84399860000109
97.09529139999844
90.65290060000012
93.92657140000024
95.65206130000104
90.18896029999982
93.75
94.96293900000171
94.52384399999984
91.00877520000061
99.86857419999998
91.58776420000078
93.32683800000028
93.24296100000203
92.69481160000026
94.54018110000023
95.26056629999944
97.43487400000211
92.12419750000093
89.55220000000055
85.79100760000031
122.04170549999785
92.12293680000134
93.68792320000229
73.37584290000109
45.832615000000104
71.13503439999963
98.36070000000086
78.79042229999997
134.5580144000002
93.1906239000004
85.77671379999862
90.72030690000148
93.44446220000135
89.13443840000018
90.00315919999784
87.55659640000093
92.18991440000093
87.00017360000115
85.78663150000104
94.4244237999984
90.53586570000117
