70.5882
65.29740069999889
69.63268079999929
68.07345219999925
65.21740000000094
64.69855950000093
119.61113420000069
93.65687199999738
68.94531059999875
71.92935000000003
69.67376799999924
67.4394010000004
67.19733010000101
65.53907999999905
65.57714799999891
67.34717559999908
71.81798400000028
69.6652640999989
70.69197649999904
77.06965910000001
71.75377250000051
68.14712820000044
70.61040639999972
67.20947679999965
65.82900460000101
66.66670000000114
43.734030600000175
61.62861739999933
66.06448079999899
59.13663759999878
44.81449540000065
67.30910240000003
70.69963619999936
67.52280680000054
65.21740000000094
47.70378740000101
123.9614726999996
115.51295000000106
84.75325200000175
69.16852379999906
69.35467839999922
72.98988199999984
67.65152449999987
66.66670000000114
44.93766450000113
73.55622079999914
72.18589040000059
68.70003130000018
74.35355759999872
70.06932679999935
68.8691048999992
69.39104939999925
70.73395080000067
70.61978649999958
75.44120980000089
76.824600000001
66.02823600000048
56.03878979999954
48.510716600000485
66.32675879999896
69.59058809999975
67.80864959999971
69.08437329999892
72.45976449999954
70.02961789999986
71.53635000000013
74.97887519999892
73.10141130000049
68.7825988000002
68.69982799999958
