83.3333
82.31622100000102
83.17942349999758
87.76009020000019
79.13595400000013
75.5984668
78.40986179999952
75.81459470000023
81.6191633000001
84.55896119999993
85.98679319999991
92.21274520000051
98.14589360000066
90.30856120000081
80.57014560000086
73.5449185999994
70.06102409999909
70.74919509999975
71.87093879999965
73.33158159999876
71.13396139999965
83.78346800000028
83.88536829999887
85.96386240000034
88.17231440000016
84.56967099999946
87.8792520000011
88.41229510000099
90.9714087999999
81.857710499998
76.47104079999926
77.26635520000038
77.92928400000032
85.19438289999964
84.57542079999865
83.67836779999898
83.33329999999877
83.33329999999877
78.56974179999911
84.48147660000029
81.52192329999917
82.51256150000016
82.49986749999809
84.43377779999956
86.01412029999926
85.49169899999877
83.54271520000077
83.31938460000072
83.2830547999988
84.88005570000108
89.22321660000091
90.48865550000033
92.42491600000061
93.59308000000159
89.10293100000027
88.74554959999992
91.3604327000004
87.89354770000133
90.48476120000001
86.3883599000009
87.342376000001
88.09123430000108
87.38521579999993
93.40938280000184
90.09360310000105
89.30954069999969
86.21083309999891
88.54376350000112
92.30770000000071
93.41426620000101
97.45139850000066
90.9109708000012
93.10922720000009
89.34475260000009
86.95650000000022
85.38317179999913
