99.8336
94.67256250000081
103.6436956000004
106.13035199999803
104.846182000001
99.09510640000109
98.02575930000056
96.87444350000052
94.7816720000001
91.06227279999793
90.771599999998
78.80014459999853
138.00570699999747
110.6441460000018
102.04135879999943
98.38774930000231
95.82742429999924
86.64163699999938
90.48302299999952
88.92356560000141
92.94144400000077
89.80075229999981
95.73101600000089
90.32353779999949
89.73530180000043
83.6077953000004
88.98336900000032
85.1899037999997
91.80122320000069
91.90272880000211
93.88736440000076
97.57073959999961
98.9625089999998
99.33794560000224
99.77383840000175
105.03712899999931
109.25928400000078
110.18775300000189
88.86331719999725
89.90972950000005
100.583796200002
103.34903200000055
105.1127344000008
94.38495709999997
95.53748259999863
87.01445650000107
89.34423089999932
86.05139489999904
84.81036979999988
85.08242500000135
86.74804600000098
88.63635500000075
90.67149190000038
95.2381000000013
76.18574240000055
107.8692759999974
89.95947500000045
119.93668000000154
116.51204499999841
114.46949599999971
108.71441559999798
99.12514239999972
97.76425490000129
105.38136399999797
107.14618100000204
109.19233799999925
108.98724399999752
113.87443999999945
110.96836599999989
105.3416250000019
102.26197700000156
99.67855440000136
102.07362199999983
107.40573700000007
106.78075239999784
108.79964199999738
107.1429999999975
56.511798899999256
143.07278050000363
100.55068349999881
100.21109470000091
87.04332559999966
86.95650000000022
88.60376370000154
92.11274800000155
95.98006179999842
98.29709000000138
101.40052160000212
99.40692639999855
