100.334
91.92969499999973
88.10570000000006
73.1979899000004
68.86257169999969
122.32775800000071
144.5343540000006
117.79924199999728
115.20739199999977
116.52521499999867
120.46027500000153
119.52897399999962
119.77650399999811
125.05025899999991
119.49960299999785
126.85439699999935
116.06789700000026
126.2990570000003
122.50024900000037
125.14000799999928
126.19720200000089
126.03691499999972
131.71048499999856
127.08909600000297
131.10923200000113
134.0763019999967
133.4120720000011
131.1101259999993
129.3805150000022
136.69998100000055
142.78087799999966
137.3109859999996
133.17323100000092
103.3950349999984
137.63553950000255
114.2862501000001
148.4556669999992
142.4711549999978
131.11453599999945
137.80813500000295
126.51609600000042
102.13551110000056
93.72109380000082
100.58078100000128
105.67221800000097
113.01365899999911
131.67313400000108
110.42652540000114
122.70138200000115
120.76208899999875
121.16603200000112
122.63593400000049
123.71861399999698
122.13487199999996
127.29325100000021
132.80425999999744
125.8920899999993
