85.7143
83.38694959999842
78.72606960000094
79.62639060000053
78.98598399999828
77.75317560000121
80.38186039999844
80.79562340000018
78.61490479999883
77.7669666000008
81.88403399999876
80.1833639000003
85.2690287999999
83.84913940000087
81.6164568000002
79.98031599999965
82.29840599999886
75.06711599999977
79.09646319999878
80.5177836000002
78.60107359999806
84.6145299999991
91.05247079999813
93.74698549999994
93.96312039999813
83.16875239999833
81.08110000000026
81.08110000000026
86.02213420000048
115.96418299999985
86.83340300000012
84.08807700000072
84.33938430000154
80.49323559999996
80.0
