58.2524
60.2741369999991
55.597782700000536
55.01368099999986
52.869054999999584
51.74644999999933
51.76879999999974
44.525382300000636
29.841454600000414
53.571400000000594
53.571400000000594
28.979496000000466
44.17172840000003
50.46697250000119
50.847500000001155
40.984176300000556
31.090189999999822
53.08567179999997
53.61929999999901
54.02453360000076
54.05410000000076
34.45543520000003
41.08298699999951
53.6907709999996
51.72409999999957
44.163025299998864
28.315200000000125
26.74058760000005
29.51314400000016
68.10716250000053
65.4731008000007
66.00660000000047
62.34402840000059
29.134396000000404
61.91950000000169
52.49086329999863
56.234251200000614
52.07865360000119
49.9584000000009
39.279490199999735
26.893800000000557
24.905769399999947
27.192985199999555
50.89059999999928
50.49734560000038
53.83396659999924
53.12589959999969
51.94099759999876
52.51255669999931
53.144399999999216
49.3711475999994
25.45609679999958
47.21708259999929
50.4628381000001
50.0
37.675931200000576
25.873200000000665
25.1987409000006
26.666700000000517
53.89688999999917
53.756887799999014
53.61929999999901
34.50517530000097
28.436000000000515
27.80185410000021
35.24342829999982
50.6207079000005
53.09730000000081
53.09730000000081
27.03602010000054
55.20805460000066
53.492047299999044
55.91692359999935
53.765468799998956
52.31451199999965
52.94785799999866
51.2024868999996
50.94046359999926
55.04589999999911
55.04589999999911
32.864593599999374
44.3417784000006
52.877481999999446
52.677799999999465
41.520094899999634
31.20552990000025
60.57163500000149
53.09730000000081
54.002432800000754
54.05410000000076
32.7906655000009
39.63743920000034
50.7763443999992
49.58679999999926
45.53839799999946
26.26970000000047
60.57524240000101
52.898779799998934
52.5076842000005
