55.1471
49.66441299999939
52.17390000000103
50.09904579999923
49.10947040000038
49.813660799999234
52.1621584000002
53.687328000000164
49.58679999999926
52.461091200000496
53.05414719999922
50.96003359999922
50.13394380000127
51.09470120000002
51.620652999999585
48.387099999999926
49.783582400001
52.25702779999931
50.66882049999951
48.4174472000013
50.847500000001155
50.08740650000098
26.643000000000026
37.05438560000013
48.4191907999996
51.196713600001374
49.8707586000008
48.8202000000001
48.8202000000001
29.948465800000225
35.12869659999951
49.54723080000013
53.141313400000115
50.03567020000101
49.180299999999995
49.180299999999995
31.78235540000019
33.93547870000032
45.99261880000021
49.180299999999995
49.180299999999995
23.22789540000019
42.27033499999968
48.24190399999956
48.46876000000126
54.22441600000055
50.420200000000364
50.459207999999386
54.057114200000186
54.894800000000224
33.404995000000156
34.036056800000196
53.4859870000004
53.67634160000126
50.71850000000077
51.30402679999962
51.41389999999959
33.5595032999991
32.207017799999946
48.945429200000234
53.09730000000081
49.75530399999925
48.747686200001034
50.000737100001295
52.235747800000084
52.61766790000046
48.780500000000615
49.57389919999927
50.96677419999899
49.82465520000037
