83.3333
89.21210360000117
89.6861000000012
50.404538099997936
112.67719990000361
83.58613430000025
84.94610140000097
89.05975120000001
84.05300099999874
82.80250249999973
85.1893422999998
86.83718749999933
85.40468249999962
82.92778679999905
82.83946959999967
85.51219850000017
83.59880859999951
88.23726479999824
81.99613900000153
81.69268420000093
85.08190179999924
83.68047359999984
82.40441569999892
84.77177590000194
86.7624279999979
88.33257460000225
90.86196040000095
89.55220000000055
57.45356419999953
30.698257999999885
55.663497999999144
85.35547619999973
82.96423280000062
82.88861939999882
87.7493499999999
90.14772830000203
89.13102399999931
78.5399267999979
79.50667649999951
87.77712730000036
87.28290900000111
83.42081319999889
85.52705530000121
80.62210420000115
73.9938521000011
53.923227199999985
84.67458800000045
92.20114970000043
92.85677160000041
92.30770000000071
90.25080319999972
80.5341356000002
83.8131949999986
82.07929999999877
59.8451890999993
100.43942240000018
111.05872799999815
