89.6861
85.71430000000137
44.877056899999964
85.05275499999868
80.79276169999845
84.69817959999929
84.30001249999945
92.96602020000142
92.43767040000182
93.75
64.8274721999984
80.22293330000132
86.24001999999962
81.39431740000042
80.14024190000004
86.24318999999886
76.46950939999886
61.56901329999939
84.10334499999897
93.73630949999922
100.90800200000149
101.86800000000132
63.176537399999
38.77649819999944
76.91842209999987
87.0692115999998
81.66852199999882
85.51688739999997
84.08564169999909
83.33329999999877
71.333304799999
60.6877240000002
93.91340799999855
80.3790135999983
85.25425249999991
111.31699999999873
111.31699999999873
45.15231090000086
61.76835120000089
83.07272010000052
92.77376200000111
95.03801730000035
98.20785380000062
102.31453679999987
101.71675000000087
106.81977999999768
106.93825399999977
107.79835999999842
104.29743200000084
108.07283600000186
97.2884387000009
97.1686354000016
98.6251369999997
87.20814560000028
81.64091450000159
83.33697099999937
83.36155239999874
84.50699999999887
81.9196823999995
84.6886329999999
83.1763521999981
86.97078309999942
83.10524639999977
82.54549969999964
91.44654669999908
96.04820019999897
95.63121340000149
92.48675860000058
89.84320589999963
88.36520000000017
57.743552099998865
94.79179620000009
88.98846999999856
83.18502080000042
90.61855690000118
87.24328569999965
92.94748929999979
87.68716229999828
107.16400000000054
101.70541369999897
139.47115330000034
82.92416100000125
95.38950000000078
68.82710800000014
100.17138600000148
100.43631840000084
98.36070000000086
67.6482157999997
75.69960710000049
82.22050039999844
85.41530480000026
91.46327130000137
95.5604515000011
90.66680480000069
87.19964719999827
80.2167009000001
83.29152000000029
83.8940338000007
83.33329999999877
79.57795750000103
84.76558490000046
79.85822039999827
80.46993999999965
82.02917000000043
81.02497479999865
82.55580030000053
85.47882050000032
87.90652619999985
82.05116049999842
80.21645649999928
84.15537590000098
83.67319779999858
81.35983920000069
85.798649599999
