93.75
95.94735930000078
100.02963919999975
101.1271363999986
96.93953210000157
94.16687069999922
85.6305592999994
85.8304096999996
85.19767200000085
85.42614439999923
92.72493220000173
90.38473100000131
91.7982470000011
95.47435299999933
95.72608140000135
92.86012940000154
101.77650890000054
95.2381000000013
96.0654762000008
95.57583719999998
95.2799104000001
98.94840310000019
103.45994499999964
96.5196240000008
104.20609799999933
98.22591580000247
100.97479899999905
104.56738880000006
102.55839699999964
106.3642800000017
100.00826240000204
104.34278079999719
106.62013199999829
103.8099400000006
104.41672119999804
107.01380540000045
101.53091199999966
101.55252990000075
111.77608409999792
100.04075689999995
91.44046880000008
88.48605160000076
85.90248789999941
92.81945000000157
97.20856000000063
103.54874210000183
103.21562800000207
106.27520000000102
107.9386000000011
108.59600320000125
104.81693220000125
107.18356800000112
111.20732000000224
108.18862399999867
107.42173999999858
108.44615799999892
106.74001500000091
101.52300000000082
80.06514540000234
90.79016530000064
101.71431000000067
105.3645650000016
101.41616340000188
103.06806860000204
106.428876000002
107.68414400000218
105.05040000000126
100.87368410000113
105.71842400000007
98.10373600000226
