71.5137
70.41419039999877
70.38043839999855
73.55464040000008
71.4742640000003
74.15487999999876
72.382801400001
74.63596930000048
73.204672
71.80005599999895
71.19706240000117
70.58325779999946
78.9712869999989
78.87320200000003
75.58595480000086
75.57728049999974
74.7463814999991
75.99249759999893
73.88760460000114
77.9961714000018
76.98833339999881
74.68699980000105
75.86286439999888
77.21495180000106
78.67416349999918
79.01809450000076
75.47233920000001
79.20481359999931
80.0451716999996
75.61222289999901
78.95615619999855
75.00645320000115
80.0669543999983
80.97920519999983
77.92210000000074
75.83572059999995
69.90084749999926
70.87513949999865
72.06836500000014
71.84685159999937
71.72550699999937
72.13945559999937
72.5943853000013
70.3225935999992
73.21566820000102
76.61546500000082
75.75761589999892
71.27322959999924
73.97307520000093
68.54217899999854
68.50237640000026
70.94822359999961
70.67518739999956
73.48246500000035
71.37628550000083
