67.4916
66.64105600000141
70.7709635999998
70.35234900000087
66.42386700000081
63.018886400000866
35.61488180000042
60.61734799999996
63.810892400000235
59.28016849999942
62.33423600000021
72.73383500000132
72.0923400999994
71.42859999999938
54.147294799999
146.24188599999786
125.92448799999936
66.66031440000022
62.63058359999876
60.60609999999908
44.4878751999993
50.76048640000009
64.22769569999915
66.38001360000113
69.58445869999863
69.76739999999863
46.330229400000675
135.44440799999794
81.31229340000044
66.55073160000045
68.79339359999915
60.84553800000128
59.81467499999962
65.90956719999936
62.32870799999871
59.405899999999455
59.405899999999455
57.4360116999996
135.74012099999743
130.48432079999856
67.92478749999928
61.85570000000006
63.314677800000624
64.27072499999989
61.95452449999836
65.74713099999929
67.37483949999967
62.30453560000047
60.544900000000666
40.08216080000033
158.0945679999952
70.25736559999864
67.02759019999975
62.01843899999866
67.42622759999968
69.03370199999883
67.41569999999909
50.73617769999928
149.14504499999921
165.142656000003
93.92438399999972
69.52739620000031
69.20375640000037
63.99607799999889
70.89511740000124
75.51021580000085
70.60828199999906
73.71187489999902
70.06114699999904
65.68124130000092
