63.1579
66.96347849999913
62.688605099998426
60.15568460000009
64.99116449999931
66.44723359999999
65.1173319999997
65.934099999999
66.90753750000049
63.2992426000004
55.9227109999997
77.125
68.49457100000058
62.778515200000875
62.93881150000065
61.68948499999854
57.478110999999494
60.48455199999952
58.68297579999932
55.64988919999915
57.76237139999994
60.7420469999985
62.049748500000064
73.04752380000008
73.24055690000085
67.35952920000001
66.27538379999974
63.128994499999806
61.41958959999908
59.50595480000051
58.22863979999989
61.39724350000027
62.25001160000003
61.85570000000006
53.5455333000001
101.70222139999933
120.2210371999984
81.30079999999863
63.046203599999
112.38542830000046
76.75369999999994
73.36535700000005
68.22707609999995
64.2891118999985
63.542461100000104
63.520317999998795
64.99417689999888
64.87957299999897
64.46595439999933
65.8149278000011
73.67079660000094
75.08781079999979
72.31867359999954
69.09356860000074
65.01106479999932
63.282923299998785
62.5243423
58.721341199999614
61.03067390000091
