69.7674
67.20070620000097
66.66670000000114
66.66670000000114
61.979002600000804
106.82228000000111
74.50550879999956
68.54797439999922
67.01046749999885
66.6682511999997
64.31598239999902
66.58812150000094
64.1323525999987
62.62631680000002
63.06382029999879
63.83638829999921
63.83129599999962
63.77201659999951
63.157899999998804
63.821411799998856
64.8612960999997
62.4876480000014
62.55229999999959
60.24128180000019
62.62559899999985
63.562818599999446
70.00212899999967
69.11437500000055
72.04978920000104
72.16782579999987
67.7998408999995
