97.0874
69.36462450000016
70.5292439999989
75.83385000000018
68.74653240000048
75.50226300000033
71.76601679999938
72.81008780000145
73.83560239999919
72.86944239999944
79.23948859999997
79.22286539999992
77.61237179999901
82.48422059999898
79.1635870000006
79.43699590000149
81.85192439999862
76.55745080000153
76.26329259999898
75.15588479999943
75.96910440000083
74.35447259999972
75.93999809999899
81.67506320000028
76.96773399999834
74.55697639999951
78.54363439999848
81.16440799999982
78.0075842000012
74.40521020000091
77.9257947999998
71.59008899999897
71.85240809999894
78.548354999998
79.57559999999798
46.99116719999812
71.98037419999963
79.61476489999814
78.41786270000073
77.8662118000014
