82.1918
78.58893490000065
77.28982810000122
74.76380040000089
79.08275359999969
83.14635660000162
79.04259310000111
83.03118799999945
89.82198820000144
83.40354000000022
81.0259970000012
90.80696960000148
83.46373759999882
82.07929999999877
46.13254949999871
116.30134960000073
80.94685760000014
80.0
63.95367399999921
70.45421470000036
78.39528000000205
85.88139570000027
86.06713999999883
83.34632999999847
82.6158504000017
90.18001700000148
83.38824699999965
79.67542279999999
82.6218308000012
82.67967120000006
80.3221946
82.29714860000128
83.31547750000026
77.14193939999977
81.29355119999873
82.90256640000047
79.32226969999844
74.44345520000016
84.6481086000004
84.30992479999945
80.29605320000034
77.92210000000074
81.87434970000007
85.12756079999926
82.10521490000028
84.04802450000086
84.95683519999946
90.62208800000134
86.43822719999912
83.79626640000126
91.5966652000013
91.80330820000145
82.23118659999979
78.62648109999967
88.25796660000152
85.76044560000004
77.07671120000111
75.85340000000097
46.490152900000844
66.43253640000071
79.21672120000012
78.41681939999955
84.3568827999989
74.77407850000039
73.84224940000063
76.7492497000009
75.42483969999985
74.53593809999916
76.18329889999879
84.17719029999871
