77.9221
69.76739999999863
58.322292599998974
86.25648149999911
154.09327200000115
87.91766759999837
68.21635530000094
67.97895029999906
66.33940560000045
65.19906000000003
62.90419899999937
65.934099999999
65.36273739999974
63.89027059999979
65.42361999999977
65.9413645000008
67.07790919999997
66.64275780000047
66.64982800000111
63.83080330000073
42.61388280000048
69.29994249999935
69.76739999999863
62.10159559999899
50.26632249999952
146.33114799999927
114.84342029999969
71.27001839999988
74.98458750000079
69.27868490000104
72.4590920999996
75.0
74.57964139999909
71.18231000000016
70.11829399999918
74.47686549999955
72.47769799999999
71.76366599999987
69.33831100000123
72.67685019999965
71.15181019999835
74.1655999999994
74.1655999999994
22.459488999999824
25.104599999999703
26.346618600000483
27.933000000000636
27.498510300000838
174.4561007999968
179.8022310000021
142.80371290000036
179.62881799999826
178.36102199999922
163.05130999999852
157.61057399999817
77.30522200000026
73.22076399999952
72.56202289999942
79.73080719999977
76.72106720000014
78.00001499999999
78.78840279999761
76.76739999999991
72.28940499999949
75.78756999999992
78.26488289999773
74.01021139999965
72.46361419999937
76.36440719999953
69.6567462000004
73.8606348
76.65918640000038
75.32152520000074
72.73509409999974
71.63228059999895
74.68282100000023
75.82798200000127
74.49328389999998
75.5437939999995
75.96017430000063
71.01474239999983
68.8416160000008
72.2202765000009
78.51001120000065
73.20979519999875
80.08811120000047
80.45457119999826
73.17238450000033
71.74152879999929
73.78077999999951
72.65697439999944
74.41667019999915
74.29930799999953
71.47336260000081
76.28201880000093
78.39949479999835
76.81146990000039
82.70273739999884
79.7140986999994
77.92210000000074
77.33150320000112
77.40647800000133
72.00169040000041
63.96590000000112
63.96590000000112
71.33875040000035
113.50848459999864
71.96601760000063
74.45301800000065
78.12078199999812
78.57494960000021
79.17547709999926
77.15330579999888
70.23490980000012
69.14049839999888
71.33316699999976
66.04474600000044
68.82477169999925
71.0534155000015
73.953872000001
71.51526999999922
78.90920159999834
77.76691620000136
74.0462952999997
75.01119990000078
76.63594799999979
75.46982660000145
73.24498899999966
76.02910690000093
70.82883900000068
70.9800788999997
70.16923109999863
66.23852640000054
65.09069119999923
67.921195399999
71.2664027999992
71.19035399999908
74.99076369999977
77.70476200000078
73.9243239999995
73.2600999999996
73.2600999999996
80.52218000000012
157.55624599999908
163.87279400000008
123.33765999999814
82.83972750000085
68.9654999999992
71.63088169999861
75.24301519999902
75.24123139999885
74.18031240000094
81.85081509999976
78.42739149999882
74.5706264999995
