72.2022
70.89995089999971
69.28549249999942
69.39692219999968
68.50076589999918
73.45226860000004
73.80810769999927
75.6195392000007
79.57634140000029
82.85241099999828
80.61082150000034
77.45336639999869
80.77401549999865
74.27174750000054
80.0
77.63233100000103
72.13295340000012
73.87500899999978
70.15714600000003
68.57140000000062
60.021934199999755
31.88990320000023
67.3136167999994
73.8045227999998
73.77499709999933
78.65054569999782
77.40205400000049
80.0620455999979
79.65327900000158
75.56993530000112
73.73580319999914
85.97718679999845
88.93326300000045
89.6689313000007
86.18686320000103
83.9161000000011
66.90676320000033
76.54775049999903
89.8906521000008
80.61683999999842
82.2493319000005
78.74028100000069
83.38771000000064
92.16532069999857
