76.7263
79.3784144000001
73.14218799999973
72.9862571999995
72.11565480000003
69.55825019999926
74.70000840000014
71.3514413999987
70.58819999999875
43.34588700000064
72.3665114000006
82.29717499999946
75.42058420000023
75.0
76.70747319999957
75.94939999999895
76.60141920000143
82.95613509999868
83.00302989999962
81.8908003000003
81.2507632999995
79.39064659999958
84.76825909999951
84.47624300000035
85.06370599999906
79.41531359999806
80.03246799999995
88.51190180000013
87.1381609000009
89.37390890000043
93.59579380000092
84.1306210999991
83.41088250000013
78.4124039999994
78.8801375999989
85.70478480000058
93.23666320000116
86.14825159999945
81.683292
83.33753159999897
83.73141969999949
81.82786980000138
