0
79.77
76.99
79.01
73.21
74.86
69.13
68.87
73.07
80.15
76.36
73.91
69.7
72.92
79.28
74.82
69.33
71.91
68.33
72.02
75.04
80.8
80.49
83.81
79.08
76.06
76.77
75.05
73.52
73.26
76.18
76.56
74.34
74.54
74.1
71.38
73.78
69.8
68.35
74.49
71.16
61.99
62.1
82.6
80.74
84.51
83.71
75.32
79.47
81.3
76.77
74.53
74.14
79.97
76.57
75.91
74.64
71.69
67.55
70.51
67.09
71.58
73.37
69.24
75.93
72.04
74.32
76.28
73.04
75.23
74.59
77.35
76.1
77.13
77.82
78.14
74.4
78.22
73.87
76.01
78.65
79.97
90.03
88.3
89.35
84.28
84.91
83.83
83.21
80.09
58.46
79.7
85.89
80.25
78.92
77.92
77.92
52.08
81.14
80.97
61.5
67.93
87.01
71.69
72.35
73.49
81.02
81.14
81.08
38.58
