0
81.58
65.23
69.51
68.47
68.65
80.05
77.98
70.09
56.01
59.33
68.52
79.68
82.86
68.38
55.1
49.35
33.54
73.49
72.67
68.89
42.28
71.25
61.98
48.45
69.33
73.92
85.27
88.69
82.66
73.52
77.7
85.36
82.1
78.82
63.0
41.57
65.11
83.93
73.49
71.5
84.14
86.8
90.28
86.23
72.53
70.37
76.72
80.61
80.75
72.93
64.99
63.62
62.5
43.73
77.54
83.76
76.98
75.13
75.5
72.91
80.54
78.68
75.07
75.46
82.09
82.59
84.74
88.9
89.47
89.42
80.47
127.01
85.05
83.66
81.31
78.02
57.55
43.62
61.89
86.3
89.11
84.07
85.17
89.59
87.21
94.66
88.52
88.24
39.14
25.51
32.6
86.2
134.38
141.95
177.52
177.38
173.15
144.38
154.02
91.57
