0
142.63
96.38
85.68
88.11
89.03
85.21
86.44
79.54
85.89
77.55
81.02
81.97
76.53
76.24
90.6
172.22
86.41
75.32
64.51
38.96
36.28
29.73
29.54
26.67
91.87
44.0
55.21
52.25
36.17
36.06
30.37
87.82
83.35
84.32
81.97
73.62
73.17
36.09
26.21
24.87
75.92
149.15
106.73
115.25
179.06
68.65
66.31
33.95
100.14
176.67
179.43
153.56
129.96
159.31
148.92
92.68
102.72
168.87
171.43
164.5
136.66
141.99
176.4
159.43
153.27
87.06
82.18
86.57
159.39
157.02
136.3
173.64
152.42
156.01
173.06
142.28
167.79
166.91
157.3
173.23
139.95
175.66
167.79
178.44
172.03
130.3
144.11
177.2
173.42
167.63
