0
116.94
119.53
121.35
116.84
120.1
119.55
118.05
118.63
121.82
116.62
119.39
91.63
120.97
118.2
117.94
115.99
119.31
113.73
115.59
116.88
119.65
115.93
118.85
120.58
114.44
116.3
117.92
114.94
120.8
116.27
124.82
95.74
119.29
123.96
115.87
118.36
117.31
119.22
112.88
119.07
113.14
116.15
118.16
115.52
112.47
113.57
114.63
113.8
121.01
115.96
112.78
80.92
106.28
114.67
113.83
112.57
110.42
110.11
112.81
112.48
108.54
112.62
107.53
110.61
111.71
107.38
110.43
109.26
114.36
110.03
111.53
116.47
111.11
115.09
