0
72.96
73.71
72.18
76.02
76.26
75.89
78.02
73.29
73.79
72.0
76.08
77.52
80.21
79.11
79.89
79.35
74.37
76.37
81.59
79.58
81.33
75.85
74.08
74.4
76.82
76.16
81.83
81.6
77.49
79.79
85.42
88.91
88.63
84.81
88.36
79.47
80.62
75.99
80.35
92.06
90.54
86.43
86.14
82.39
81.14
83.16
85.41
86.24
83.48
90.95
94.82
95.23
98.3
88.88
82.91
87.0
87.0
89.47
81.09
79.68
75.99
82.9
89.17
90.77
55.42
78.14
75.84
77.95
79.37
81.21
84.99
89.12
87.08
74.16
144.71
91.81
89.19
80.59
81.27
79.78
84.95
97.75
96.37
103.53
105.71
104.15
93.38
87.51
80.8
81.61
76.28
