0
83.25
113.26
127.66
81.24
82.75
98.03
179.61
180.18
93.38
134.67
120.68
92.19
82.51
87.51
79.43
37.49
76.67
96.9
101.65
61.19
91.56
92.22
93.98
92.07
85.0
88.28
90.08
87.87
90.41
89.55
60.78
86.89
86.07
85.06
85.24
88.13
82.97
88.85
86.46
96.56
94.99
87.5
87.28
78.98
76.6
81.13
82.2
84.65
86.97
91.24
96.08
96.52
89.97
92.72
86.09
84.18
85.22
84.54
81.95
93.05
90.06
97.84
96.9
95.31
102.18
104.57
105.34
69.21
94.68
102.67
106.43
113.1
106.37
110.79
93.04
92.76
105.01
93.51
100.56
89.9
82.95
97.85
89.43
99.32
101.92
99.97
74.16
84.31
96.75
89.34
91.14
94.76
62.71
85.71
84.05
89.75
88.22
85.71
85.99
84.41
77.96
83.28
82.66
81.91
