0
26.49
42.58
79.76
78.39
87.25
165.42
108.48
73.35
76.56
71.33
71.43
68.59
74.08
76.29
81.68
174.18
172.77
82.03
77.31
82.74
81.89
73.03
67.96
70.69
72.01
72.29
49.28
120.03
94.01
75.85
51.01
52.24
68.07
73.58
74.05
70.0
68.28
72.51
69.8
69.72
69.58
79.17
73.52
69.85
48.55
100.27
166.93
123.23
70.29
66.65
66.67
56.24
152.26
70.2
68.6
69.51
71.17
71.04
66.3
68.85
77.13
81.66
68.79
73.55
72.42
73.2
65.03
56.79
55.2
71.8
70.02
70.51
49.76
143.09
167.93
121.24
85.0
75.06
75.78
73.03
68.45
73.01
70.19
71.31
