0
107.41
102.79
123.46
147.38
107.27
86.77
90.89
93.53
104.55
73.72
99.93
104.32
99.36
102.63
101.52
102.53
92.13
86.56
84.89
90.07
93.01
92.02
95.02
97.17
99.35
92.32
97.15
97.97
97.35
96.59
109.3
100.73
105.34
110.94
114.12
87.92
85.7
92.61
85.6
91.69
90.96
93.99
93.45
98.4
97.16
86.86
80.97
81.74
76.24
81.69
80.29
85.31
88.22
86.21
94.11
96.68
97.27
104.14
103.01
95.35
82.45
78.43
80.44
87.41
83.24
84.1
87.28
86.57
84.66
84.26
82.06
83.41
83.63
80.1
84.01
81.02
90.61
90.44
86.8
89.25
93.66
86.62
93.56
94.61
94.36
103.09
94.78
97.94
95.24
62.66
98.19
90.92
89.77
91.66
88.51
88.53
91.97
89.45
89.79
95.16
63.98
96.71
97.28
92.62
87.63
93.2
98.74
102.94
104.06
83.74
59.58
89.33
93.76
93.82
101.57
101.98
95.69
100.22
100.61
100.66
103.76
105.03
108.91
106.14
109.19
103.44
85.67
101.73
106.39
103.29
81.51
78.76
92.29
90.3
99.87
96.68
96.39
90.4
101.57
104.02
96.61
82.25
82.75
83.85
91.18
84.21
89.45
90.24
95.9
102.07
98.36
94.34
80.36
80.82
75.4
87.07
81.08
51.73
82.99
86.2
85.47
80.63
84.14
81.59
81.26
77.95
83.38
88.09
84.42
86.88
