0
91.44
81.27
54.3
76.63
74.12
51.41
82.79
90.04
82.49
79.3
76.13
76.69
76.8
84.69
83.74
90.54
89.49
86.8
85.42
80.31
81.57
73.15
75.1
80.57
87.83
93.65
98.39
92.77
78.35
72.41
71.39
74.31
78.53
76.48
78.89
80.21
78.88
77.28
80.17
88.5
86.8
85.33
80.9
86.16
87.01
87.6
86.83
81.79
81.06
87.45
87.13
83.37
86.65
84.84
84.84
85.27
86.96
57.9
90.18
85.82
90.91
87.59
90.35
94.96
91.43
88.71
87.72
90.35
87.63
88.16
67.28
81.64
93.71
94.24
101.03
96.14
96.49
86.69
84.45
85.75
88.18
89.45
83.14
89.13
86.33
86.2
88.5
88.81
88.78
87.89
89.02
89.99
89.43
89.31
93.16
96.97
92.49
92.82
65.74
93.28
91.95
87.57
84.41
77.25
61.37
89.77
78.81
85.81
87.41
86.43
87.91
90.4
89.72
90.23
83.53
89.44
85.79
90.76
86.67
92.26
90.67
90.86
95.31
94.48
94.59
87.91
98.35
89.55
61.2
90.61
98.61
90.56
90.35
89.55
84.31
86.41
97.98
87.05
92.84
93.23
92.43
89.52
89.19
92.12
