0
80.26
81.11
80.17
80.0
65.85
131.25
87.33
89.07
91.78
84.71
78.93
77.9
76.97
79.58
76.16
84.36
82.53
87.58
83.08
86.27
93.12
89.38
85.68
78.37
76.92
41.37
123.52
88.55
99.21
96.22
94.79
67.96
121.48
84.39
82.3
71.02
173.57
111.44
95.61
102.61
100.32
89.06
82.9
89.64
89.05
85.0
88.81
90.86
93.69
93.95
89.75
89.59
85.41
86.01
88.39
82.1
81.19
83.98
86.0
88.78
90.76
90.03
83.89
81.98
81.35
80.97
46.64
71.46
80.32
80.9
83.07
89.97
86.43
86.96
86.96
84.25
76.16
80.36
76.19
82.82
87.55
86.16
90.24
90.14
86.9
83.03
82.83
80.53
80.0
44.3
155.44
144.99
50.15
85.37
91.6
86.18
85.71
52.5
73.66
88.91
87.9
82.02
84.92
92.34
90.06
93.42
92.25
