0
94.76
89.09
81.29
75.28
81.27
81.7
76.86
81.19
74.51
79.82
76.48
83.53
80.38
83.26
78.73
76.5
77.95
74.76
79.16
79.5
76.68
78.95
87.55
88.72
85.74
80.1
66.71
71.16
94.82
86.53
83.95
81.57
83.22
78.15
57.2
46.08
37.66
128.53
92.16
85.08
77.36
78.55
80.31
83.76
82.64
90.08
88.72
55.09
80.29
78.15
76.32
80.0
75.84
60.16
87.18
93.2
81.6
73.22
78.99
82.05
78.45
84.58
87.06
79.12
84.83
86.48
81.61
84.46
82.98
74.51
75.62
81.97
81.39
83.14
82.14
81.54
91.84
91.94
93.0
68.91
95.95
87.39
94.46
91.21
99.2
90.42
101.86
94.06
88.86
88.37
47.66
82.4
82.73
86.63
83.42
89.06
97.15
87.01
92.41
89.93
90.68
96.77
91.76
89.74
87.28
88.39
91.37
87.47
89.35
91.68
93.13
96.95
89.5
78.87
88.01
86.32
91.05
93.1
98.83
92.18
83.42
