0
52.31
116.57
108.47
98.28
128.23
99.74
121.53
113.51
98.4
99.96
108.67
102.86
84.08
109.22
108.59
113.8
106.75
97.78
91.75
90.06
92.9
95.32
99.89
99.38
102.09
80.31
83.69
93.11
92.65
90.31
90.37
95.26
94.84
98.62
98.75
95.36
93.4
93.05
93.46
64.82
99.34
105.45
104.9
104.9
44.31
114.19
124.96
142.27
104.08
107.48
111.47
114.44
109.19
108.72
107.79
97.12
70.51
101.15
102.08
105.78
102.12
85.43
81.09
82.13
82.38
88.0
91.14
97.55
96.67
95.09
94.61
78.0
104.98
103.89
105.87
98.78
101.92
101.87
66.58
34.66
31.43
84.79
107.07
100.24
93.48
97.67
98.53
111.98
102.39
75.81
82.54
79.3
84.39
60.29
92.29
78.71
85.7
98.52
55.86
66.17
100.99
76.3
105.1
67.4
92.31
92.31
76.43
22.59
27.19
90.16
111.32
62.08
94.28
75.24
78.66
92.06
92.46
96.09
101.75
98.33
101.87
40.46
33.68
31.76
31.76
31.75
32.48
79.59
74.91
46.53
48.5
48.5
17.03
84.38
85.71
64.88
88.19
89.42
89.42
47.52
99.83
99.11
111.43
90.91
89.46
87.55
94.85
95.01
99.48
99.83
71.33
96.95
96.62
81.58
61.3
88.24
54.88
38.02
