0
49.01
71.7
72.73
75.81
77.13
76.5
73.53
71.9
73.14
75.93
77.08
79.0
73.88
75.51
60.23
59.8
65.4
68.18
73.1
75.89
80.38
79.62
76.13
72.1
66.68
55.33
78.55
73.33
75.99
71.16
69.22
66.33
66.61
73.64
69.16
67.65
71.0
71.17
67.76
66.85
66.65
69.85
71.49
72.23
80.6
80.64
76.7
74.42
75.73
75.02
72.27
79.63
77.56
74.07
74.52
77.03
79.11
70.07
70.14
76.76
77.89
77.62
81.14
80.92
70.74
63.65
62.93
65.87
67.49
64.79
104.71
147.94
87.33
75.66
70.01
73.02
72.2
72.2
26.02
76.12
84.0
80.97
78.8
71.61
68.31
65.93
40.44
37.78
54.75
67.55
64.39
71.79
70.41
66.72
66.59
66.59
22.73
72.65
76.14
76.14
26.52
54.05
68.08
77.52
77.94
74.95
79.77
74.75
74.34
80.01
69.64
73.9
73.43
67.36
72.12
82.66
83.32
74.98
72.85
71.51
71.51
72.59
159.59
145.46
77.01
74.74
73.23
75.74
