0
105.35
101.6
91.46
89.03
90.91
92.0
88.24
81.72
70.62
145.49
92.36
91.67
93.46
92.6
88.31
82.98
71.37
91.85
87.02
89.79
93.42
93.55
93.75
91.59
89.16
86.27
84.5
84.54
86.97
88.47
87.27
88.66
88.4
94.31
90.52
88.77
89.37
92.62
88.69
88.81
90.63
90.6
86.44
88.02
88.16
85.27
87.07
85.04
82.19
66.37
28.57
27.26
76.33
93.85
91.97
96.56
92.8
88.76
91.93
90.03
95.9
90.25
92.51
92.57
91.51
92.16
77.09
47.62
41.29
31.87
62.56
91.19
81.52
122.33
107.46
114.81
122.95
62.12
87.67
86.22
87.93
86.95
90.53
87.62
88.11
47.47
44.66
85.63
87.06
83.45
84.7
85.87
56.46
87.42
85.78
84.58
88.26
88.94
88.83
85.85
90.78
83.13
84.79
85.81
84.19
80.97
64.9
127.75
84.79
81.29
84.65
83.96
89.39
88.19
