0
78.47
85.27
84.51
66.88
28.56
27.89
53.96
90.94
87.08
54.8
84.51
84.51
102.1
171.66
145.0
138.25
55.6
128.54
151.52
148.08
161.12
102.49
177.34
92.39
107.79
157.8
154.93
104.14
86.96
51.98
102.41
97.42
96.32
93.67
90.42
85.84
57.48
86.08
53.29
47.51
39.57
115.92
155.82
167.19
117.6
112.36
173.48
171.43
96.41
114.72
157.11
180.18
158.33
87.06
114.94
114.94
70.21
143.19
165.81
166.67
166.67
77.22
106.56
162.41
149.23
160.34
143.21
168.68
162.47
125.4
105.12
174.69
148.16
139.15
104.17
92.36
118.64
180.18
136.34
176.99
125.58
25.6
25.6
26.57
26.65
49.69
59.94
48.53
