0
26.07
61.74
79.82
78.95
80.96
79.18
75.94
89.01
95.44
82.93
74.83
79.25
72.16
78.27
79.2
71.18
70.95
75.62
69.82
68.17
74.83
74.4
74.4
75.98
83.82
83.64
77.3
74.82
81.53
74.85
73.42
75.05
76.87
72.35
75.02
75.44
71.45
69.01
73.91
68.94
67.9
74.73
72.36
68.33
78.47
73.3
68.27
67.15
75.54
67.14
67.93
75.9
69.14
71.27
73.34
74.55
71.68
80.8
74.09
70.98
77.8
73.12
71.06
80.61
76.92
71.98
75.96
71.57
69.43
76.85
73.94
69.28
73.25
75.09
72.29
69.37
79.71
79.51
72.01
65.41
70.55
76.14
70.09
66.71
73.78
76.68
69.63
70.1
73.78
86.36
81.65
79.76
88.31
73.61
64.9
68.38
86.94
81.54
71.91
55.56
77.42
89.12
74.69
67.07
74.86
73.68
68.98
74.52
89.49
87.01
74.43
82.19
84.93
73.71
69.73
75.73
