0
86.32
87.75
93.9
56.39
84.12
85.53
89.67
87.37
88.31
85.91
88.91
89.92
90.26
93.12
89.13
89.57
83.65
84.29
83.13
88.78
93.8
90.4
85.79
93.2
93.82
95.31
93.49
72.06
69.9
83.8
82.24
80.77
83.59
87.91
86.03
93.21
95.01
95.94
57.47
81.9
82.57
81.37
81.71
81.63
54.94
128.72
90.68
99.02
91.13
94.44
91.27
91.09
86.34
88.13
88.55
92.06
93.48
86.95
90.91
92.17
88.01
87.0
83.13
84.51
87.61
86.41
88.23
80.84
78.91
82.85
79.19
67.52
70.78
89.43
91.16
95.05
94.0
96.57
93.94
95.73
91.27
89.84
90.65
90.7
93.62
93.77
89.35
86.92
87.06
83.59
86.31
87.49
85.71
94.64
89.54
67.91
85.76
94.31
95.82
87.98
96.33
86.93
88.98
91.91
95.18
88.85
89.25
91.15
97.68
93.24
93.11
97.21
92.37
95.62
96.93
52.44
80.11
