0
78.4
82.13
82.05
83.58
83.74
81.71
80.21
80.21
44.76
92.49
79.02
78.26
76.46
76.49
82.85
83.28
86.35
90.57
91.05
90.31
94.18
95.61
95.58
92.65
93.15
96.85
101.03
95.08
94.66
91.7
96.12
91.0
94.75
90.6
91.68
91.09
93.67
94.87
95.73
92.29
86.62
88.24
90.41
94.87
90.41
89.82
90.6
88.74
89.94
89.3
95.16
96.17
96.94
95.85
90.83
89.37
93.06
89.75
91.81
90.62
90.48
86.21
91.09
89.93
92.01
91.42
87.5
91.63
86.29
85.78
89.71
85.78
85.51
86.03
84.91
86.08
84.09
83.05
81.43
80.57
80.34
79.44
79.34
77.67
78.95
78.07
73.5
79.94
83.52
79.17
83.44
82.95
86.29
83.71
76.64
70.18
70.18
32.41
62.72
81.42
80.75
77.71
74.24
75.18
73.05
69.3
71.59
73.08
73.08
31.3
50.7
74.35
80.76
87.75
82.67
79.96
79.54
80.75
77.62
76.26
79.51
84.03
92.59
83.86
84.45
78.09
77.56
76.69
71.68
75.87
74.04
73.17
82.82
79.29
82.96
83.22
54.7
26.33
35.15
39.92
131.1
179.64
126.57
161.42
171.3
174.47
163.93
155.49
98.14
87.83
79.33
