0
91.39
87.02
85.62
85.9
81.52
82.11
85.08
80.39
78.62
85.99
77.56
78.33
79.51
74.76
79.26
79.28
81.81
80.65
80.54
39.09
71.01
80.72
81.3
84.26
85.75
81.99
75.34
81.09
79.51
79.07
81.61
80.93
80.79
82.81
77.13
81.53
82.19
82.82
84.14
81.84
84.84
82.13
80.64
81.05
79.25
79.07
78.64
78.53
41.22
76.55
80.54
50.64
97.29
82.95
80.67
77.96
81.59
79.91
79.58
41.97
99.02
86.17
83.89
81.71
80.59
77.93
80.16
82.24
79.0
80.65
81.41
77.98
78.87
82.47
76.94
84.1
84.36
78.28
81.1
80.0
71.9
71.43
37.65
70.27
81.0
81.7
83.62
83.43
87.07
86.68
88.05
85.71
85.71
81.76
85.06
81.31
84.3
85.04
82.04
83.13
77.53
74.13
75.97
75.61
82.52
74.26
62.84
87.63
82.75
80.0
81.91
79.39
86.05
81.46
85.04
89.84
84.57
85.73
86.76
81.0
79.97
83.5
79.31
81.78
86.02
88.92
89.47
85.5
84.32
80.2
81.18
82.49
80.36
79.99
85.74
85.28
82.27
85.27
80.03
81.55
82.19
78.11
81.27
81.08
83.13
84.39
81.64
75.95
