0
82.95
82.77
82.79
83.58
85.36
83.58
84.1
87.51
82.63
86.14
79.53
82.89
80.82
81.73
81.9
81.85
82.91
82.87
87.29
84.13
81.23
77.6
74.6
79.58
80.78
78.74
82.45
81.43
83.75
78.4
78.77
73.38
82.57
81.34
84.28
88.02
87.43
84.04
81.34
77.07
79.97
78.98
81.15
93.09
91.33
90.77
90.85
95.15
93.86
90.97
89.6
82.27
80.97
85.99
90.19
95.54
90.17
91.31
85.07
85.47
61.99
28.06
35.69
72.57
74.42
75.11
83.52
80.18
83.75
83.16
80.68
81.48
81.65
85.64
93.78
84.89
84.18
86.97
90.45
89.52
94.72
92.61
97.47
93.91
89.93
90.14
91.76
80.43
77.73
78.51
76.5
78.79
83.22
82.17
81.45
84.87
86.69
85.03
85.63
85.99
86.39
89.81
89.48
87.6
86.05
89.32
96.32
91.61
93.08
91.76
89.74
85.47
84.19
87.72
89.99
98.14
98.09
99.65
90.41
86.5
82.89
84.39
64.26
95.05
79.64
80.56
84.35
84.51
80.79
91.17
87.99
91.35
83.82
81.34
80.21
79.72
76.43
60.81
49.83
78.29
84.93
83.08
85.55
79.96
77.92
85.04
78.62
