0
37.39
53.66
58.63
59.21
62.11
62.71
59.09
60.74
57.47
54.79
53.76
55.7
62.2
72.44
73.68
57.66
52.52
53.38
55.19
59.44
61.14
62.43
52.48
140.97
78.68
62.02
61.85
62.54
60.12
58.38
56.01
55.97
57.22
59.9
63.25
67.15
62.27
66.4
62.39
56.13
55.08
55.92
64.65
70.65
67.53
66.92
63.72
53.96
55.31
61.71
60.46
57.76
62.54
66.75
61.75
55.06
52.73
57.28
58.2
58.34
60.28
62.59
63.03
62.36
64.38
67.22
62.34
59.82
59.42
55.89
58.71
63.16
63.45
63.53
70.58
77.53
77.71
73.01
51.51
59.96
59.22
58.21
57.9
60.4
63.79
65.88
66.79
64.33
57.78
54.93
56.17
61.18
62.58
57.26
55.11
58.61
56.07
56.13
61.88
66.65
58.77
57.75
56.09
57.13
54.55
57.43
61.2
59.86
58.99
66.56
64.6
59.55
55.98
58.46
60.39
62.91
70.01
66.57
65.76
68.62
69.62
64.15
59.14
62.03
61.27
60.0
42.4
81.21
69.44
59.72
65.11
65.93
56.86
55.56
58.62
