0
106.07
110.68
107.81
106.47
100.9
94.67
103.64
106.13
104.85
99.1
98.03
96.87
94.78
91.06
90.77
78.8
138.01
110.64
102.04
98.39
95.83
86.64
90.48
88.92
92.94
89.8
95.73
90.32
89.74
83.61
88.98
85.19
91.8
91.9
93.89
97.57
98.96
99.34
99.77
105.04
109.26
110.19
88.86
89.91
100.58
103.35
105.11
94.38
95.54
87.01
89.34
86.05
84.81
85.08
86.75
88.64
90.67
95.24
76.19
107.87
89.96
119.94
116.51
114.47
108.71
99.13
97.76
105.38
107.15
109.19
108.99
113.87
110.97
105.34
102.26
99.68
102.07
107.41
106.78
108.8
107.14
56.51
143.07
100.55
100.21
87.04
86.96
88.6
92.11
95.98
98.3
101.4
99.41
