0
43.01
55.77
58.84
57.14
41.9
41.46
59.31
56.84
56.25
53.39
51.28
51.73
51.77
31.22
41.46
57.98
60.0
58.33
56.66
45.51
25.39
67.05
52.19
52.63
56.54
55.18
56.32
57.49
57.75
38.42
45.92
68.02
64.36
61.77
61.18
61.16
34.83
40.75
61.79
52.19
50.92
51.12
53.05
55.09
55.1
27.12
43.73
73.44
47.24
40.62
66.65
58.8
56.6
42.47
41.69
57.69
46.04
24.94
69.09
58.76
56.96
59.64
62.55
58.33
59.93
56.13
52.18
56.43
56.6
35.19
38.84
58.41
56.66
39.18
29.85
29.21
28.71
28.72
40.7
57.09
46.22
29.44
29.26
28.85
28.68
27.66
