0
79.53
79.89
60.32
129.77
79.52
69.14
69.36
67.89
69.57
71.8
70.85
75.29
76.55
74.06
74.05
71.29
73.07
70.03
72.05
75.32
73.47
73.41
72.43
74.85
76.02
75.88
76.42
73.12
70.18
70.29
68.99
68.42
70.15
70.1
71.68
71.74
72.34
71.45
71.24
68.2
70.24
69.29
71.55
71.94
69.51
68.89
42.95
73.39
73.83
72.42
74.5
71.41
72.53
72.12
71.64
73.67
76.68
76.8
76.86
76.11
78.17
77.34
75.98
71.61
72.32
72.38
48.25
80.42
75.9
74.73
71.78
72.29
72.29
70.08
118.24
72.01
68.97
71.43
70.96
73.23
70.89
71.5
74.9
72.76
73.34
75.18
71.18
72.12
66.35
37.02
76.87
75.75
71.1
79.83
74.93
77.29
