0
93.05
86.31
82.25
78.54
75.42
76.66
76.72
73.44
79.58
78.93
78.92
80.31
80.27
80.71
85.9
81.31
83.41
82.65
80.41
68.01
62.17
77.62
79.17
75.96
79.61
78.55
81.39
77.61
76.36
80.63
76.62
74.39
69.5
68.97
38.68
73.31
81.08
79.79
78.4
79.14
75.51
80.95
72.48
76.92
78.19
75.94
79.28
78.0
77.43
82.32
79.99
75.18
72.61
76.55
76.44
77.38
73.63
79.12
74.44
80.5
76.61
78.02
77.85
75.16
76.42
76.74
77.45
80.31
77.41
76.99
75.28
78.5
76.53
75.48
75.21
75.24
74.04
75.56
74.48
77.83
77.96
74.26
73.8
43.81
70.15
78.95
80.55
79.4
82.61
84.75
83.35
84.16
84.42
85.31
87.35
86.96
58.13
64.62
74.08
60.25
68.15
81.15
82.91
80.33
78.14
85.8
82.72
