0
91.91
89.45
86.25
80.08
77.69
77.29
82.93
86.96
89.05
88.11
88.11
47.78
92.14
78.69
86.75
93.23
99.27
91.14
80.1
73.42
77.52
80.96
80.02
81.5
80.74
73.73
72.6
74.79
71.51
74.94
73.56
72.34
73.85
72.43
67.83
72.34
71.68
77.22
79.73
75.66
74.07
56.64
31.99
62.86
74.94
76.81
73.18
75.83
73.75
80.78
78.73
84.89
74.99
72.26
72.38
67.92
67.57
71.08
69.99
67.87
74.99
73.65
73.98
55.95
44.61
68.88
68.59
72.77
70.02
71.36
73.12
71.15
78.38
74.8
71.94
73.13
71.77
56.47
42.81
72.37
77.36
72.91
71.66
71.55
75.12
73.17
72.48
73.75
71.28
75.78
75.05
73.31
73.82
73.75
72.98
69.64
71.01
73.06
70.47
72.52
71.83
76.75
70.62
72.05
74.86
73.49
72.29
77.17
71.52
68.79
70.7
68.45
68.21
71.94
76.4
