0
80.84
81.27
80.79
88.24
101.78
95.6
79.26
84.63
53.0
87.74
101.15
92.34
79.92
79.79
81.08
79.34
82.32
81.13
79.46
82.2
81.74
82.98
85.17
83.8
80.12
82.63
81.45
82.04
81.49
80.22
84.06
91.0
89.97
93.4
86.77
95.17
83.79
83.22
80.34
81.42
82.95
86.43
94.86
95.69
86.88
54.99
83.75
83.52
94.98
104.26
108.09
100.8
90.53
103.41
103.51
112.63
107.27
112.47
110.77
113.72
114.73
114.28
114.33
107.34
72.23
105.75
104.19
107.33
115.58
112.43
103.01
96.74
91.15
92.14
89.17
96.47
97.35
92.86
95.34
103.51
95.73
92.12
92.48
96.59
106.63
109.63
109.52
116.03
110.36
100.41
106.91
108.4
97.73
103.43
109.05
106.61
103.15
109.94
115.18
110.77
111.32
91.69
101.31
120.17
120.56
125.74
121.56
122.41
124.11
120.21
98.48
127.87
120.0
90.42
111.21
111.68
