0
84.28
78.34
79.26
81.46
85.71
85.71
44.88
85.05
80.79
84.7
84.3
92.97
92.44
93.75
64.83
80.22
86.24
81.39
80.14
86.24
76.47
61.57
84.1
93.74
100.91
101.87
63.18
38.78
76.92
87.07
81.67
85.52
84.09
83.33
71.33
60.69
93.91
80.38
85.25
111.32
111.32
45.15
61.77
83.07
92.77
95.04
98.21
102.31
101.72
106.82
106.94
107.8
104.3
108.07
97.29
97.17
98.63
87.21
81.64
83.34
83.36
84.51
81.92
84.69
83.18
86.97
83.11
82.55
91.45
96.05
95.63
92.49
89.84
88.37
57.74
94.79
88.99
83.19
90.62
87.24
92.95
87.69
107.16
101.71
139.47
82.92
95.39
68.83
100.17
100.44
98.36
67.65
75.7
82.22
85.42
91.46
95.56
90.67
87.2
80.22
83.29
83.89
83.33
79.58
84.77
79.86
80.47
82.03
81.02
82.56
85.48
87.91
82.05
80.22
84.16
83.67
81.36
85.8
