0
70.02
74.18
70.06
66.94
68.09
63.5
65.4
66.46
66.53
67.49
49.45
117.21
99.29
83.06
79.04
75.21
71.47
74.34
71.09
76.46
75.59
68.66
68.97
64.52
50.37
54.16
73.23
72.48
74.63
73.89
75.11
73.32
72.22
75.29
81.28
77.92
76.17
77.52
77.96
85.66
83.8
71.13
47.05
76.75
80.19
72.04
75.07
72.85
74.66
76.72
74.54
71.87
72.0
73.99
75.24
75.06
74.15
70.48
61.37
57.51
77.22
74.93
74.72
41.41
82.81
87.4
84.2
83.42
84.21
76.15
78.04
80.74
72.73
73.09
72.26
71.55
76.44
85.09
85.25
76.47
69.83
75.18
78.9
78.22
83.81
80.11
76.73
79.25
73.61
72.7
74.1
72.1
