0
78.89
74.88
75.31
75.72
73.62
76.71
76.0
78.03
77.83
78.16
73.7
72.57
73.73
71.1
73.73
70.2
71.84
68.88
68.1
43.74
38.31
64.41
67.29
67.94
68.18
71.34
137.12
74.97
72.86
72.18
72.57
74.08
71.01
75.66
75.21
71.3
72.85
73.68
70.1
77.68
77.77
80.08
77.12
80.3
81.23
76.95
72.52
72.39
73.85
71.16
75.85
72.38
72.52
70.57
69.84
74.97
71.95
73.11
75.73
76.45
79.63
80.11
86.49
82.72
76.72
76.05
42.01
57.21
72.07
71.39
71.49
73.21
70.25
69.72
71.29
69.64
67.45
70.22
70.0
71.98
73.77
71.76
72.41
71.83
72.95
75.59
71.32
69.64
69.74
69.55
71.96
70.09
68.78
71.11
72.29
70.87
70.59
52.56
141.58
80.5
72.18
70.03
68.18
68.97
68.78
70.13
74.21
70.51
73.2
72.43
