0
91.03
90.41
87.52
90.99
84.18
76.52
81.56
83.23
83.29
86.96
83.59
83.72
83.54
85.09
78.22
79.83
80.69
77.33
78.47
77.64
82.03
81.74
81.62
84.94
80.96
81.55
89.88
97.74
96.18
87.78
80.59
79.15
79.21
83.69
80.59
82.0
75.08
83.33
57.41
77.15
84.13
89.72
93.11
91.83
88.13
82.17
78.04
80.7
77.39
72.32
73.13
73.17
77.35
77.64
81.32
84.25
86.26
90.09
95.7
93.85
84.68
73.78
75.96
77.97
74.64
74.86
76.89
77.54
72.29
60.24
50.49
66.41
62.47
67.31
68.07
66.86
69.66
69.21
70.08
70.62
73.52
74.6
72.9
72.33
71.21
74.15
70.91
71.91
73.0
70.73
68.9
72.67
68.08
71.26
70.22
73.11
71.06
71.18
70.22
69.61
67.55
70.46
71.65
75.92
