0
72.52
69.56
71.43
45.79
35.11
27.52
92.54
85.02
79.21
76.14
49.76
63.27
84.58
84.51
48.63
101.78
89.08
86.04
88.81
98.36
97.71
90.58
82.15
81.1
77.03
76.21
79.08
77.42
77.48
76.73
52.8
64.83
81.19
52.3
52.98
76.05
73.84
74.35
72.96
71.64
70.51
48.76
140.32
176.4
165.05
84.13
78.41
73.86
75.28
76.57
74.66
72.29
70.59
46.61
61.47
96.27
87.62
93.09
91.35
84.27
52.03
78.73
79.21
80.11
80.11
48.22
101.04
80.2
76.66
76.46
78.34
81.64
82.5
82.27
83.84
84.65
82.85
84.44
89.75
93.75
93.75
63.29
94.31
78.02
53.66
65.47
83.1
57.49
69.12
87.84
86.17
83.22
54.68
99.12
83.43
78.48
65.76
66.37
87.69
89.05
86.46
85.71
46.32
111.34
94.77
95.53
89.95
