0
75.03
74.56
70.2
68.86
66.11
35.9
62.48
67.49
51.27
60.97
76.54
74.45
67.19
62.62
64.32
68.12
67.74
69.35
71.56
71.77
68.51
69.87
68.96
68.85
68.95
70.66
73.17
74.73
77.35
80.04
79.89
50.91
82.64
81.18
78.06
79.94
83.76
75.28
73.06
74.22
72.66
76.84
75.07
77.91
76.89
74.74
74.72
38.48
103.69
74.09
76.16
68.94
66.73
76.94
84.81
85.08
69.67
70.05
70.84
69.44
66.01
64.86
65.75
64.12
63.83
53.98
138.88
130.2
87.44
83.7
73.28
65.3
61.62
41.21
70.46
71.07
74.57
75.31
74.82
68.57
67.97
71.87
72.36
82.98
87.52
85.88
71.67
74.89
76.8
78.4
76.97
76.92
62.02
52.74
82.68
82.46
77.8
82.76
112.15
65.69
89.73
75.31
74.86
74.63
56.95
149.45
160.25
171.86
169.36
162.4
81.12
82.47
76.42
73.28
71.02
75.1
76.02
71.5
71.21
71.26
80.54
162.24
152.2
152.48
157.04
175.09
177.5
98.09
68.75
68.26
63.88
151.33
81.7
74.07
65.55
107.99
108.9
77.66
82.41
77.31
