0
92.63
80.24
75.52
72.84
77.4
81.78
88.12
85.43
65.8
106.34
111.11
95.72
81.48
72.51
71.79
70.22
71.32
73.73
75.46
78.42
82.8
86.45
90.98
97.5
101.64
98.36
93.88
94.53
92.5
89.92
73.89
78.22
86.93
94.72
103.69
86.08
82.96
77.64
76.92
86.48
84.97
96.3
106.65
110.09
112.11
112.43
107.88
100.56
79.48
75.11
73.22
75.1
74.13
71.94
73.82
76.09
75.95
80.54
82.58
83.82
84.11
83.05
82.84
84.52
93.34
98.75
95.93
90.3
90.91
102.04
100.04
98.19
106.9
105.31
95.37
93.19
92.72
93.02
96.58
99.95
102.45
108.67
99.72
105.62
113.72
120.36
117.74
108.1
110.54
111.11
102.11
103.75
95.53
103.72
108.95
107.77
109.28
101.05
95.83
79.31
80.57
79.24
81.75
84.35
86.0
83.14
88.31
87.12
102.79
109.7
101.03
92.5
84.18
80.31
82.05
83.36
84.46
91.09
89.97
