81.1908
69.13343300000093
68.86947600000049
73.06954680000068
80.14752749999992
76.35932700000096
73.9062894999992
69.6976803999996
72.91768060000008
79.28384739999991
74.81858059999934
69.32981299999959
71.91179170000011
68.32825150000062
72.0179513999993
75.03608029999975
80.80303959999912
80.49456879999896
83.8107903999987
79.08041810000066
76.05578189999999
76.77195759999982
75.05007939999952
73.52160480000008
73.26473840000104
76.17766560000096
76.55784979999972
74.33875500000023
74.54107999999925
74.09880499999922
71.38026199999996
73.78095899999923
69.79756230000058
68.34768400000006
74.4913136999996
71.16266399999853
61.99095659999934
62.09987639999937
82.59757880000056
80.74315079999867
84.50699999999887
83.71091999999994
75.31605139999938
79.47221359999936
81.30050599999805
76.76750980000165
74.53052769999886
74.1397479999998
79.96848169999856
76.56582020000104
75.90562399999874
74.63830699999934
71.69408899999937
67.55404750000088
70.50831899999979
67.08971850000091
71.57799980000033
73.36992299999962
69.24132100000078
75.93413850000033
72.04145299999934
74.31699489999991
76.28207499999998
73.04311249999904
75.22662869999907
74.59002810000011
77.35435630000103
76.09881959999898
77.12623740000113
77.82217799999968
78.13635199999995
74.39807259999992
78.21761139999867
73.87093240000112
76.01144240000049
78.64890239999939
79.97137349999825
90.02575810000016
88.30433660000033
89.35185950000042
84.2819539999991
84.90610850000044
83.82844989999958
83.21242800000024
80.08767200000001
58.45711800000063
79.70169290000041
85.89129499999922
80.24859240000006
78.91639459999804
77.92210000000074
77.92210000000074
52.08358989999893
81.14184469999947
80.97169999999939
61.4965565000003
67.92766899999945
87.01436119999818
71.69066279999959
72.35442560000027
73.49008439999969
81.02497589999885
81.13965720000026
81.08110000000026
38.576145299999695
