82.1918
79.41393079999936
80.97169999999939
51.37137259999919
71.39470320000007
81.33918980000024
80.7016339000004
79.94504489999947
85.78003070000021
85.0945891999996
87.67143009999877
89.06199490000007
91.15761220000094
89.89152700000002
82.8212640000006
74.93556000000001
68.9391240000004
72.86349900000057
80.32534370000069
92.16590000000207
74.60561899999833
29.895400000000446
28.8490610000004
48.338066500000146
88.33585959999903
79.14201639999848
78.15078880000088
77.02180000000106
62.68733980000069
82.27164739999972
100.3208998000004
94.18166160000035
58.23306679999986
78.14160320000128
80.55301059999942
62.5390923999983
87.39391130000054
95.84639560000133
92.33905139999922
88.10570000000006
57.177104000000284
87.60101520000023
84.9298124999993
84.75107750000143
86.94079600000006
