82.1918
83.5771875999996
87.97650000000017
87.97650000000017
58.991585799999264
98.51725250000008
86.37841799999964
85.23179549999952
87.91151600000025
91.26981039999878
88.96995160000017
85.8865339999993
88.13021539999991
88.10570000000006
88.10570000000006
39.33157939999941
79.1201479000002
82.19180000000044
83.14442869999985
86.98454800000009
73.5069228000006
69.9336369999987
76.23801300000048
76.42463359999891
76.68613880000122
80.55206650000017
86.42929860000098
78.4911965000013
75.43706979999891
70.25759999999879
70.25759999999879
90.06322860000033
