98.5222
97.12901879999733
94.60235909999993
90.13711080000093
89.33519240000079
91.04700000000098
91.04700000000098
110.08642679999835
103.20251340000087
98.30401620000032
93.26114340000183
96.11874320000166
91.66277729999774
91.67545580000039
95.22353729999857
95.26443739999725
96.7841096
98.22258419999993
97.4906754000009
91.5871180000017
99.5144403000008
93.53256320000041
94.93722700000106
93.57092740000031
96.83374860000114
97.55772590000126
100.357880700001
93.66397559999983
97.8625
90.52969409999953
96.10074979999959
89.65619640000054
84.74579999999995
60.65257899999916
55.61544320000004
99.33546920000069
97.92734859999847
100.2543489
97.32754780000114
99.8738128000021
99.24880050000125
95.44078009999953
102.23853639999786
95.90158060000111
97.8047885000007
98.37578499999856
93.62285920000188
67.92929920000145
94.59502549999986
64.43607090000107
93.71157249999811
91.56291599999848
93.158454500002
91.22106659999974
92.76776420000029
89.7073839000005
92.91385539999841
93.45789999999882
73.90580030000149
99.77656860000056
113.76863390000226
96.06457139999969
94.71076760000082
92.05866019999905
91.66407880000052
91.55380140000133
96.79260059999847
95.69636929999942
94.43506150000128
95.93559310000022
