89.6861
94.57354360000083
91.12565110000133
86.2689124000004
81.53865159999991
82.16194839999837
76.09716449999999
73.90819879999871
78.70890900000092
77.40277999999984
83.4166452000014
83.44920000000141
37.89025470000043
72.76153000000095
77.02180000000106
39.8561452000008
76.97465799999883
62.612657500000054
42.52300000000051
37.03878919999991
67.69098259999991
79.28462679999966
84.42141700000091
83.0865150000003
78.17786840000001
78.125
39.77294119999888
60.787463400000505
103.43476979999804
73.01012960000057
72.9477230000012
83.30567939999881
72.71703440000043
71.76195489999976
80.34191570000219
