95.6938
88.91787830000027
94.7926310000022
94.56475980000124
102.43838300000188
100.25786250000185
99.71591999999791
97.17499900000126
99.60940649999941
86.01169799999872
83.30074049999872
87.50616400000004
90.65858770000152
95.77471200000156
96.13420800000064
89.1204499999995
80.78624579999969
79.50852880000008
79.71450160000037
76.47241050000059
79.69158820000051
80.83409019999914
83.39485640000126
89.55220000000055
57.58412510000059
92.07349440000121
89.14640620000041
88.88900920000074
87.68919620000028
85.53052590000074
90.98462440000041
92.30770000000071
78.91954749999918
75.47375199999996
100.0
64.37615699999857
100.9374337999988
104.18262600000031
104.45130619999908
95.29375499999887
92.07382249999945
