78.8436
73.17070000000109
78.48389540000004
75.19781860000037
80.62805049999952
76.09505449999908
80.15183600000049
81.3857983999998
81.27474750000034
85.57410190000026
82.95347749999952
82.17624950000025
76.99806389999863
79.96996920000124
74.07155880000084
75.51470139999897
75.16426040000006
78.3342586999989
79.45330179999974
75.99474480000028
77.60676839999869
77.3460145000009
75.84453840000057
77.60133659999944
77.22238619999956
78.12408410000067
71.61983369999936
75.82073679999895
71.42859999999938
51.302701099999055
83.89441859999893
79.52395360000115
81.00385699999885
82.24420549999944
82.89023199999905
75.34551900000079
81.97907820000056
78.30972780000128
77.08396859999998
78.34
77.23422839999955
76.69999069999884
76.92309999999999
79.48895690000023
77.84084719999885
76.80639389999884
78.34410160000144
74.7978933999985
80.94130020000036
78.25169920000062
76.63315509999988
76.95395679999847
77.02004559999928
77.79011440000022
83.67746310000129
82.51243930000007
87.49487480000022
81.65409769999948
