90.9091
80.4775319000001
81.71530970000009
81.08110000000026
80.39853309999839
83.35403040000023
79.82987679999988
81.6350828000003
84.79294460000017
83.73859110000167
79.31475739999946
77.77216999999874
77.50783300000077
78.49886080000019
84.03852780000038
81.96099200000097
83.0147941000008
83.06093950000101
80.64673289999966
88.76439440000168
88.93297330000011
66.44660000000074
68.82424360000121
82.49658049999988
83.33329999999877
54.36625660000007
87.59330179999984
89.25721440000062
88.99383439999946
88.23530000000025
69.20627540000126
66.76255590000129
83.56299749999913
82.19180000000044
