101.695
111.61647000000137
109.67839600000212
109.91030600000055
108.41005000000008
116.28753799999787
116.49460299999856
109.4023450000021
102.6928789999997
97.80149440000197
94.07605400000023
88.84235189999971
91.51455000000051
95.7377340000008
106.13966759999906
107.07437000000166
111.54548000000025
111.0280219999982
110.87064800000039
108.42733999999857
103.67053200000251
96.93283169999926
99.67042179999987
94.38956699999808
93.9550450000011
99.26051819999876
98.19183120000135
97.94405799999986
81.44146299999969
105.21658500000161
109.86267200000027
106.60977600000035
106.88577600000121
110.89083199999804
105.72299900000098
106.55028000000175
104.72967100000034
111.80140699999917
116.73200000000259
115.23188600000262
68.90048599999932
110.77574999999908
110.18269599999779
113.52328700000125
113.55831500000016
123.52211999999881
121.20609399999815
124.2303819999993
125.25731199999673
125.12133999999794
123.33947400000027
122.70833399999884
124.0427649999994
130.2224710000014
119.19116000000157
124.86572799999821
119.95103999999736
59.96421109999996
88.85335870000004
112.40764599999785
112.35273099999974
121.955
121.64876999999768
120.4953909999986
117.24110400000212
117.90915799999915
119.82765999999654
124.6324720000025
122.9390460000011
124.33843599999915
130.72071600000243
135.84118800000076
121.95100000000075
90.1593303999996
136.20638299999817
121.05466479999838
126.37087320000117
134.85682900000086
137.7952000000018
135.6851280000014
144.7503720000009
145.42151300000123
129.23349200000135
136.71254999999968
137.2685350000004
132.72901400000248
103.58768840000117
128.26667000000188
133.27062399999843
128.20479399999792
134.27554099999986
135.86191000000028
133.72785499999947
136.4536600000022
99.65223599999882
98.17491919999675
130.1225700999999
135.2261849999997
130.64416399999982
