93.8967
96.101245
96.04882900000115
92.04601300000174
88.35998379999785
92.01271140000068
90.34191580000085
91.9684180000009
93.057696000001
98.8755114999989
93.48108430000235
83.28263199999988
81.1031599999988
85.31662099999917
82.36079679999992
82.85079279999876
87.00757480000041
93.36883960000067
102.54465750000163
99.9519984000007
92.65845020000005
86.0663296999995
84.5936844000002
90.12108120000079
90.69978620000009
85.80276659999926
81.10364840000206
78.41919979999828
79.21980080000164
78.2649950000005
80.31529630000068
77.4776125000008
