93.75
98.12121920000071
93.06073930000264
104.21303150000215
99.55998279999959
102.67051599999942
97.53430499999799
100.72857770000105
103.41810999999967
102.29090279999981
96.19697780000081
103.31844000000231
102.36365200000051
102.29438000000013
98.56784839999895
103.28247419999677
105.82401820000203
107.94647450000197
107.45037200000007
104.2393400000015
107.64455799999868
104.03383420000058
99.25739709999982
96.64484580000129
98.2285732
93.24813750000182
104.1098904000004
101.15592500000012
98.01307070000148
99.44186079999959
