117.647
90.1278984999977
95.97290320000008
101.03451800000137
99.31588860000201
100.36990280000073
104.71123500000068
105.26300000000198
109.17527300000101
102.11879979999796
95.25346500000137
98.07968590000209
88.0014140000009
92.96024020000011
100.26736600000037
104.45463999999896
104.3286400000025
104.86381500000122
102.18570599999876
97.8947771000015
104.54565549999852
98.07149710000174
95.42420879999838
94.1151898000009
98.08535200000222
105.97140699999775
107.95890799999783
102.82544660000077
101.02041820000086
102.28088070000152
103.04656300000036
104.46100100000199
104.41912000000208
105.40352800000092
107.63428999999782
80.25257400000028
106.52296799999793
108.86117000000124
113.07580200000218
112.11708699999869
