63.8298
56.675500299999115
64.01762510000061
58.38832760000081
58.129424799999214
66.54790479999993
59.78376919999943
59.405899999999455
33.4664090999996
72.39078799999842
61.171565300001404
61.563768000000884
61.85251500000006
55.3101576000008
61.486492000000005
61.97696950000169
56.17942109999983
62.83841439999921
59.98535509999943
59.932326599999996
68.9654999999992
56.0177695999991
52.79856960000118
54.83431380000035
55.46672009999897
56.21411019999994
63.276654800000955
61.788229599999305
55.42708720000124
55.14199059999982
57.81295420000012
55.28649770000065
59.040253799999626
58.984742599999315
60.62012060000043
65.58851680000095
62.77829760000102
61.24309079999995
60.645843999999165
55.91303760000003
54.2548979999999
58.27014149999931
59.49870149999925
59.13109000000034
63.40174999999963
59.788784799999476
59.1289092999995
64.50472799999913
62.76326499999913
59.590866799999596
63.82979999999961
49.122605999998775
55.012421599999534
64.55169759999843
59.55971379999942
65.44917639999899
65.84585280000103
61.58642020000062
68.30275099999875
64.0125354999992
57.90732949999942
66.36878000000097
63.260972000000365
59.07965599999932
59.35975999999944
58.26382199999924
58.823499999999086
58.591219000000784
63.66505920000053
62.42040439999875
