98.3607
97.3728981999995
97.39186359999755
97.18260779999841
98.1545910000013
99.09125839999876
99.51850380000032
100.22818700000026
105.71723450000196
100.51579700000181
110.98519499999989
119.5250350000017
116.79196399999792
110.33880999999855
104.56845700000116
99.22213039999936
103.94331100000075
102.65739700000067
95.74774900000136
91.55867750000057
89.07860539999835
83.45295199999936
87.3794698
85.37532499999962
91.31255830000084
91.70776590000143
93.62754430000011
104.83047699999794
111.01799100000164
105.96988800000294
96.929224300002
96.9850100000022
80.04746089999938
109.84096000000109
111.17779399999955
110.24779400000132
79.5802769999991
114.20485699999794
111.39468600000149
116.6924599999998
115.25849600000178
114.59432900000124
105.0018607999996
95.05027439999806
96.06588070000144
106.04187700000027
113.46153299999956
110.65036999999967
115.33090200000149
106.91569650000389
92.4997736000005
83.02877519999875
78.63504240000073
78.63552699999867
93.48079100000031
96.2995578000023
104.04016829999927
105.37772399999962
100.35373379999857
96.90362379999864
97.87619260000103
107.22303630000265
87.87241370000122
78.6902342000009
86.07570640000004
94.55564239999953
95.1608392000017
97.48399050000025
105.00521960000053
100.86450429999886
97.22291470000116
101.44471200000051
102.62798000000068
104.49256799999817
103.01279000000137
101.25433000000072
107.09606899999743
108.24014399999697
115.03456000000115
106.33459999999916
105.37585000000055
101.97571690000053
106.48858900000079
106.31436099999958
109.61596799999911
116.41024299999785
132.42912800000119
124.55158299999917
117.33303699999841
106.85370350000076
85.46193920000024
85.49256850000067
89.29991820000028
104.01581370000098
101.23475200000304
91.76125100000007
84.71648139999904
85.8313919999997
