127.66
119.55287100000075
118.04766799999814
118.63140999999736
121.8178630000001
116.62411600000009
119.39468200000192
91.6311599999994
120.96876199999751
118.2024340000016
117.94347799999852
115.98778200000244
119.30508799999966
113.72600300000039
115.59105600000186
116.87734799999906
119.65405900000032
115.92625999999841
118.84757799999744
120.57501999999836
114.43986600000005
116.29883499999988
117.91684100000164
114.94178499999828
120.79942399999825
116.2725229999996
124.81957999999665
95.73657600000054
119.28731999999948
123.95608300000049
115.87437200000089
118.35704699999842
117.31437399999716
119.21543000000098
112.88144999999822
119.07295999999876
113.14486999999957
116.15446599999773
118.15943000000206
115.51500799999751
112.47450000000126
113.57266100000146
114.63215399999915
113.79940699999888
121.01147599999841
115.96000600000187
112.77723100000223
80.91755779999943
106.28469600000146
114.66933600000151
113.82681599999891
112.57051200000068
110.41657500000099
110.1147160000014
112.80722800000115
112.47756799999868
108.5418079999987
112.61595299999917
107.53161399999965
110.61384400000046
111.71393200000017
107.38436799999712
110.42978599999856
109.2598490000004
114.35597000000189
110.02597399999806
111.53448800000086
116.47371299999871
111.11100000000114
115.08727499999785
