87.0827
100.03932750000048
94.33379300000232
90.73385680000034
86.48239100000087
93.93211760000055
104.45053149999848
105.80717600000008
99.86807889999969
98.9902267000003
101.97607330000201
95.59908160000138
96.37971779999975
94.49854120000111
100.50374329999988
102.1740776000007
96.71359380000202
92.80464530000037
96.79984409999882
98.71010230000061
100.56135649999761
90.91601620000075
92.29071320000126
94.82233950000116
93.4485593
92.33239090000072
90.60750659999911
93.03705100000072
88.02503890000006
89.67850199999981
92.69334690000049
96.20785769999989
78.92054359999818
93.95641539999998
98.03919999999933
98.03919999999933
95.61800960000015
119.18742600000104
96.77799589999924
