85.592
58.139217000000734
75.10298499999907
81.026711599999
87.5833064999997
89.04200340000189
88.43498300000107
85.50634099999914
75.94957360000114
66.66670000000114
61.75883100000063
38.0757928000002
77.01275710000098
88.02500239999992
88.17088880000016
88.87026359999922
82.51239450000193
81.40658239999922
74.77736079999993
72.24076789999859
76.81869479999966
79.79646349999909
84.9384718000006
77.02180000000106
52.051270099999
84.41804980000016
77.3976250000005
81.10229120000031
80.88714599999896
81.78664879999916
79.04804870000117
82.88044799999903
72.92917740000092
