70.5053
63.10307080000118
67.842025899999
69.42377099999825
71.77475279999945
68.15606580000069
70.44991349999948
71.43745039999932
71.15151920000005
65.79561199999912
62.71746619999992
64.02111220000003
65.198850400001
63.5718594999987
61.646212799998516
63.716912799999186
70.04953979999871
70.18658850000047
70.15855550000094
69.93019450000091
67.92003129999924
69.57366150000094
68.73997000000021
63.45490319999996
64.19566279999958
63.69798400000029
69.45040480000037
70.52315689999926
67.46353640000083
66.13629759999898
73.03113670000107
76.98705760000027
72.69686410000044
65.63324639999882
64.46308510000027
63.10953290000005
67.20937939999905
67.04780859999966
64.66960430000063
61.50368639999869
65.31447160000084
65.71893350000052
64.66332740000134
65.07590000000162
63.18036060000155
123.83242820000196
90.30473440000193
69.19571500000025
75.62858750000073
71.70399249999825
65.11725480000007
62.5
51.804176500000466
80.23798399999957
73.16723720000132
63.802043499999634
63.86939079999957
63.645387200000656
68.58889380000016
67.4708792999999
71.1016698000002
70.2666856000009
67.2342312000007
65.31791199999884
63.96206499999964
63.82979999999961
60.418533099999856
59.993231299999984
