71.5137
77.4689229999989
78.54111960000148
77.88104829999834
77.37892540000091
73.5554886999999
73.45346419999973
76.76416159999987
76.68390999999886
77.33438840000125
75.37501299999909
78.63092299999987
74.67128600000045
77.08657700000114
76.95170239999895
74.3367431999982
75.1802902999988
77.88724919999862
75.51138440000074
71.48087549999877
73.4397201999999
74.1879859000003
74.6762527999992
74.1655999999994
45.57047740000015
79.58874960000036
83.33329999999877
54.19128280000113
86.38485040000158
77.40780799999935
