68.9655
71.21846550000004
76.67408200000034
73.9575549999994
71.42859999999938
48.72725560000144
38.8569350000005
63.6651520000006
75.98679510000103
75.71592600000056
80.05757919999972
83.07303799999883
73.40399920000084
68.57257200000039
74.29355199999935
67.4204307999992
66.51879999999946
42.8099787999999
72.84083749999974
74.07409999999922
71.87643320000036
71.56529730000136
72.50397410000011
69.1829769999991
69.90880480000042
78.94739999999975
78.94739999999975
67.5266975999995
64.29741199999917
86.31653250000046
76.09526080000118
77.33093120000125
75.0429824999998
73.76916079999897
79.9617687999993
77.85982240000082
77.08346440000119
76.83372879999945
