92.4499
83.76394529999858
84.50699999999887
84.97062599999909
90.73638039999982
80.64012190000209
87.23667200000025
102.65915000000066
100.4585600000016
100.3340000000016
78.07651219999872
118.0296479999961
90.6171366000007
95.43836180000021
98.69227790000126
93.91960420000119
91.07323600000022
92.53883529999987
91.29451580000196
88.51715279999833
88.73532719999947
82.91432260000087
85.94730599999923
85.949581800001
92.96237920000043
90.51665480000172
88.5421799999986
81.71266000000021
84.15400130000093
78.14982579999959
81.32169140000151
81.04213039999937
85.1512752000001
85.01277890000071
81.44985240000082
83.41465280000165
93.99721330000219
96.61840000000178
85.314047200001
50.59875400000002
90.00756400000013
82.16926699999864
80.68537650000118
91.29231640000066
93.93993280000123
101.41735330000229
101.69500000000231
43.62518200000062
83.74361260000121
