90.7716
83.60705879999979
82.97169010000015
87.24414840000064
87.1368500000007
91.82511100000056
87.96727670000077
80.27164799999859
85.28512149999943
82.8411836000001
87.81746920000111
87.95478280000061
90.36853400000119
90.41447049999954
88.05369020000143
85.79736769999933
84.45793400000024
87.6071971999995
89.18773339999913
86.13626709999886
81.38725820000003
83.30653559999845
78.64093920000126
75.51602159999983
79.71465440000178
77.92341440000007
77.89419640000077
81.96623859999845
82.88346950000066
88.29277799999973
99.01426500000105
94.04127499999996
82.17943840000162
71.99041799999837
79.74025760000012
78.7949603999994
76.14037500000096
89.43173249999762
88.50161550000014
77.5473918000001
