63.8298
70.16075649999874
70.58819999999875
40.15319280000046
51.66489230000033
80.8300249000003
65.0869650000009
60.0224256999999
60.68621739999947
62.16085260000111
63.55876619999959
63.01554970000096
65.0424592
61.695652699999606
65.38587169999873
64.61108639999858
60.93756239999883
60.062409399999396
61.281899999999474
61.87773160000016
62.07199839999912
62.7625020999998
64.88669949999901
64.34745779999972
67.76392000000108
70.05821999999918
66.36590999999943
73.05146549999964
75.03136399999902
77.2256120000009
72.71743949999951
68.31121299999951
70.66234850000083
68.36611740000053
76.05202240000104
76.04688440000047
74.75077730000031
77.92210000000074
69.28920820000116
69.54869850000078
72.23767619999964
69.68359120000007
66.2520484000003
71.20743619999931
68.8296608000012
64.5235713999991
70.20017859999874
70.55902600000061
69.42066919999957
72.67198499999989
67.58386720000043
66.32186499999965
71.67887599999933
67.21562759999911
64.88170200000077
65.76669280000081
63.54146020000018
65.69881200000079
67.96048770000053
70.09209959999912
63.53383599999879
69.70782249999941
66.32970399999901
64.1848620000002
69.69112559999922
65.52281669999952
72.19878209999865
77.52514080000113
67.1415172000009
68.02904279999933
72.95542479999966
70.86666209999963
69.4060644999999
75.52024500000104
77.4509815999999
68.18179999999917
68.18179999999917
17.318158799999917
22.539400000000235
34.98786159999994
62.792105399998995
176.8702380000033
174.1882779999964
179.28855900000133
179.68288800000263
175.5094039999966
177.7365600000003
179.2820489999976
133.19443149999879
78.95445409999998
73.38433359999958
72.23965659999983
74.05874479999925
