88.1057
82.44482969999821
79.45697820000166
84.29970840000058
90.53980869999874
88.06530180000149
85.69611400000191
86.37250719999957
82.36373689999905
92.6134852999996
95.7531591999999
82.92975840000003
75.10625199999983
73.26925749999953
70.1643721000009
75.78309100000047
82.8307245999999
86.20908699999804
79.7403000000002
71.29348079999923
76.82017550000008
72.33368439999943
69.01865989999904
73.87776449999976
76.08847459999998
74.0862856000011
72.20981399999926
68.56178999999902
72.04060929999937
73.1392091999997
71.1019019999987
71.01897319999885
75.5366759999994
70.82940059999905
67.89531459999961
64.73914239999978
74.2553373999999
77.38189819999947
83.92014999999918
78.02427589999868
69.48980000000081
71.37120089999918
80.52865790000016
81.08110000000026
76.59125199999993
71.51945019999947
65.78949999999931
52.2475432
51.89712179999965
67.52114460000016
78.43488039999959
76.7494095999986
77.54710959999886
76.59158959999904
65.03143520000003
63.6769475999992
70.33358049999948
