93.75
82.30449999999874
100.12912600000107
117.44031150000107
99.02288140000215
101.72448000000082
95.15465999999986
100.75686000000094
94.7462133000008
92.96374300000066
92.5749912000001
90.93333040000067
99.07644609999966
93.97180090000258
95.67316800000076
93.99605790000211
92.14644039999968
93.77476270000183
93.96537400000153
95.2381000000013
95.2381000000013
60.87192400000026
136.13623399999994
98.5612433000009
97.16433240000096
94.47509550000096
90.69726779999877
100.20349069999838
100.82020230000015
100.09502300000072
95.1963802000019
91.17633799999972
88.3397271999987
91.1220522000016
98.19047800000088
89.62626399999918
90.18838659999865
91.73795830000118
94.2740902000015
93.02542400000141
92.56736640000086
94.70439819999869
90.47452150000213
89.46166459999957
86.38384580000172
86.7711575999993
90.77431760000117
90.59742930000006
96.34366910000051
94.83500880000092
93.69352819999989
93.19062689999942
86.76747919999956
93.87046980000275
93.40149849999999
96.84516020000092
89.52299840000047
91.411764800001
88.14041100000146
86.96604000000092
94.5955712000016
90.78662020000117
88.05953080000134
95.18892800000074
92.47151429999991
92.485895
94.89791610000073
91.78427440000183
95.6865636999998
90.36062739999925
77.98082640000108
72.66128159999914
85.84930090000005
91.33774300000015
94.41927989999996
98.36070000000086
97.12044530000223
97.3591451999985
80.75118300000139
