86.8307
81.1370769999998
83.80224999999984
85.29075279999995
84.69043099999821
91.3989354000002
85.41903749999932
89.0671980000013
88.33087380000121
88.18702480000027
88.85513000000131
92.36114380000134
90.29788230000014
95.22898249999861
97.568902099999
101.35689620000076
99.31442640000044
96.94841980000182
65.66696000000186
94.1575028000009
97.29504040000128
103.29874980000011
93.07152769999952
95.55607270000166
94.27722350000073
96.70891700000189
96.61840000000178
55.040079199999376
154.3923191000016
92.41534899999915
95.03352850000147
94.73352400000043
94.8402132000003
93.75
88.09554950000162
90.28121000000026
95.13848930000145
91.6554875000003
92.10116999999946
90.47832839999913
89.67757710000058
98.78888349999924
101.52300000000082
101.52300000000082
99.2486718000008
