68.9655
72.3764
44.03017720000009
122.45589199999823
87.70174039999786
68.18748000000114
73.14992280000003
73.60439519999952
73.52939999999953
62.84423099999974
157.11386500000128
153.50390599999687
146.22290900000044
165.67212100000089
167.5576999999978
155.34545999999972
96.21031199999999
84.4481159999989
76.92974599999987
82.32207719999882
81.24014780000117
79.18900319999803
84.13107500000143
85.8867675999989
82.79832399999874
80.8004566000001
86.65713999999878
75.67831560000128
72.04383909999952
77.37629739999903
76.60956859999925
79.03868340000074
85.11083219999936
77.4039136999986
76.27900400000121
76.49033049999885
76.0455999999989
47.72768960000173
114.26474479999708
90.20593739999977
75.1221956000002
70.58819999999875
54.40879199999927
57.362408800000665
70.73601259999965
75.54568509999902
72.87495039999934
70.58819999999875
63.03526259999892
14.847247999999896
22.633000000000333
33.34707999999945
43.139220000000094
152.1409576000006
175.92506999999816
174.92699999999812
125.15453360000222
179.04473600000102
179.81869599999698
147.3098606000039
176.30523800000032
178.49856099999664
179.821026
177.7646809999976
179.21086900000256
177.9810690000025
175.27041100000102
177.26429999999868
178.74530799999962
172.1700369999995
