36.5854
86.52953479999876
79.54258170000088
76.49053620000015
75.83069679999973
85.16466299999892
91.3409130000017
94.32839980000051
89.60064919999992
74.56263149999941
68.33808600000069
68.47247859999877
68.8120709999998
66.65712350000007
68.84993119999808
70.10198250000133
72.2953910000004
75.2918425000001
77.3854360000013
77.65088320000106
77.79747499999795
75.70791320000026
78.07310460000124
77.85946240000096
79.05139999999814
79.05139999999814
27.85712709999948
109.40024559999915
81.50176539999879
75.94939999999895
53.74762199999934
84.38707039999926
84.68107699999909
89.74094299999904
84.06707039999957
76.42895699999966
73.31366469999978
80.3554763999992
78.01234339999849
79.17412699999994
75.73927789999978
82.70985179999974
83.07273279999939
78.34661280000006
76.30518539999811
79.72788770000095
88.04050099999947
91.34256990000135
85.62185520000034
87.88635339999907
90.37864900000166
84.48697639999783
78.65050040000116
82.18286260000127
85.54604620000067
85.88209749999974
88.18958240000104
85.27753530000037
83.33317799999924
88.81434760000022
88.84634160000122
88.85654910000089
91.65717880000047
87.33303800000083
85.31149639999879
84.4638600000015
88.80001120000051
92.42600849999997
92.76340500000168
94.93809000000145
94.42928749999969
89.63403690000074
85.24828219999895
86.29711149999943
79.25913530000005
79.33484749999955
89.0497917000007
89.02079999999874
89.02079999999874
80.73232269999934
105.8684060000015
98.98267420000023
103.72150299999923
101.64297550000069
101.06130540000134
106.50771099999743
104.88425499999818
101.96788450000001
106.65401999999982
104.40962799999903
93.60604289999968
97.89234720000051
100.86835200000286
96.67640200000217
99.8241454000018
103.64490000000055
100.94076400000031
103.63367000000152
107.40362299999929
109.07138799999758
105.01854200000045
102.12153440000068
96.77419999999985
96.77419999999985
46.854382000000406
96.30025260000045
91.24281779999984
94.25000159999982
91.95686160000007
90.963280300002
94.19920470000052
99.02067220000123
105.44800000000055
105.44800000000055
76.27157600000007
164.03679629999908
80.32158370000074
115.53192000000203
