103.448
91.99599120000009
88.23530000000025
81.71611080000025
70.61938769999993
145.49279460000034
92.36116720000147
91.66677749999891
93.46383569999733
92.60004080000002
88.3096028000002
82.98254190000021
71.37482249999954
91.8521232000007
87.02237639999986
89.79400439999974
93.42156309999972
93.55072440000141
93.75
91.59027460000065
89.15584320000016
86.26809199999987
84.49760900000098
84.54212309999949
86.96869959999938
88.46825600000022
87.26547049999958
88.65643430000011
88.39838400000092
94.3065383000005
90.52382000000082
88.76759299999986
89.36779039999787
92.61833540000063
88.6922728999994
88.81078100000107
90.62597059999946
90.59912500000046
86.4404397000007
88.01554559999977
88.16452130000025
85.27232660000034
87.06746430000024
85.03632590000034
82.19180000000044
66.3737820000005
28.571400000000473
27.261352800000438
76.33382760000003
93.85081439999998
91.97186740000019
96.56208240000154
92.7995583000009
88.75810930000135
91.93145300000084
90.03336540000049
95.89626860000143
90.24964660000091
92.50645999999986
92.56877499999844
91.51038049999913
92.1560192999978
77.0922258000014
47.61899999999928
41.29050510000048
31.8709791999995
62.559773200000244
91.18540000000111
81.52329640000059
122.33245960000083
107.46302680000014
114.80552320000093
122.95274850000094
62.115418399999264
87.67388600000042
86.22045999999999
87.93249510000126
86.9528439999994
90.5272100000018
87.61703999999956
88.10570000000006
47.46616719999948
44.65822379999898
85.6329035000011
87.05918600000113
83.4472547999991
84.70428080000045
85.87074760000071
56.46205359999934
87.4161778
85.78178829999808
84.58009279999918
88.26061769999974
88.94465780000054
88.82760540000022
85.85111839999949
90.77699700000149
83.13092560000027
84.79165550000143
85.80597809999949
84.19030159999934
80.97169999999939
64.90316280000012
127.7534203999994
84.78845000000042
81.29344999999975
84.6472712999996
83.9582530000009
89.38595800000049
88.19225650000088
