88.2353
86.60266490000045
80.70493200000067
76.81335179999819
81.10797650000039
76.38107499999991
72.39233799999954
76.59696080000084
86.39764240000063
82.35488349999854
76.46899540000024
70.94125410000046
75.53218200000092
73.85903000000013
71.89997999999859
78.09468549999993
78.0222194999989
73.19833899999973
74.75922399999897
78.35543279999976
71.03047599999917
69.60989499999901
70.27308970000027
77.24533479999974
75.0360451999994
72.64552620000157
79.55398400000028
84.72290819999964
80.42724349999914
78.80446220000027
77.5911511999989
77.03449030000098
72.67238209999928
76.97738500000123
73.36463199999992
73.27523930000106
74.36266299999974
75.96154999999999
71.19826499999961
68.9654999999992
79.4372360000005
