76.0456
55.91259300000029
73.7116959999989
78.68924020000009
83.21779999999887
81.1011781999988
64.01280800000033
88.5138146999992
92.17982500000132
137.54789440000184
119.8659925000017
78.57231839999999
81.17700210000052
86.7016620000008
87.43570320000038
43.541399999999825
43.541399999999825
44.73701640000061
110.76337619999985
86.59507350000143
80.68971009999801
97.73649399999842
168.02654089999942
138.7168648999993
146.2695000000015
109.30298890000147
139.20765800000356
152.1117839999986
139.63422699999907
139.86427799999848
171.6901699999988
179.82889599999737
137.76776299999952
153.6565880000018
176.99100000000084
152.2237336000006
30.59486500000016
