88.2353
85.52902889999991
89.67134490000191
87.36654159999898
88.30720730000041
85.9085637000004
88.90632420000075
89.91907840000204
90.2553792000003
93.11685129999984
89.13283740000078
89.56819890000098
83.65270330000017
84.28939749999873
83.12522700000085
88.77615179999928
93.79941500000109
90.40175440000199
85.78614359999936
93.19799339999979
93.81788489999848
95.3107319999999
93.48827770000041
72.05782980000089
69.8962843999991
83.80465869999965
82.24421060000022
80.77168470000008
83.5902452000006
87.90789029999921
86.03008270000024
93.21346440000013
95.01397170000025
95.93893180000127
57.46553649999936
81.89543210000028
82.56840039999848
81.37455970000063
81.71109040000118
81.63270000000082
54.942505900000505
128.72445799999963
90.68412800000065
99.02151200000166
91.12704599999881
94.4419466000009
91.27239500000181
91.09252450000099
86.33671839999985
88.12833910000103
88.55372590000064
92.06007850000131
93.47973940000028
86.94620010000033
90.90910000000038
92.17285479999852
88.00610309999986
87.00108900000053
83.13172889999923
84.514198599999
87.61352239999897
86.41384140000014
88.22824320000028
80.83732650000027
78.90779260000103
82.85490799999874
79.19295100000069
67.51570600000004
70.7765125000003
89.42985290000199
91.16074140000194
95.05403239999947
93.99789249999827
96.56874999999937
93.93636000000048
95.7261141999986
91.26791279999993
89.84321750000043
90.65108960000019
90.69848800000105
93.61964250000139
93.77259319999835
89.34686239999786
86.92105739999954
87.05773459999999
83.59283369999937
86.30792269999895
87.49463180000014
85.70528939999913
94.63715279999917
89.54308340000023
67.90829999999949
85.75807240000076
94.31085799999994
95.82462499999909
87.97639229999903
96.32929000000232
86.9267999999984
88.97661479999917
91.91315440000024
95.18083150000113
88.84980470000013
89.24692559999951
91.1506796000013
97.67533199999947
93.24119850000072
93.10537799999857
97.21225109999993
92.36587569999942
95.62458040000017
96.93050000000126
52.43739959999975
80.1076261999985
