95.2381
88.91392380000187
89.73134999999967
93.66224640000219
105.40307700000275
98.80665950000053
111.19471700000241
99.97409850000068
94.85760089999991
94.6428600000004
91.5994590000002
89.28569999999841
89.28569999999841
75.58113039999947
110.76268509999994
95.30789540000136
94.17134899999967
93.7650620000024
92.1286812000002
87.67283119999993
88.78264059999881
88.29057160000046
89.46694239999995
93.08668559999867
93.22139469999881
97.27848059999995
94.23540359999845
93.1270837000012
91.60309999999818
85.3002621999987
74.92451150000088
103.68323200000167
108.18292400000033
101.87359680000247
97.27715020000198
100.20200540000073
102.13821950000163
94.49773449999809
95.72987200000196
94.03326099999761
92.09918399999886
86.96300000000089
85.8125622000012
81.10162199999957
82.44155359999955
87.61065859999938
86.57994949999834
92.43763089999943
93.45029499999883
96.92260609999934
94.63617600000185
91.6158111000001
87.54069800000141
