84.6262
92.83783000000035
96.50083960000055
97.89444469999935
101.5712440000003
95.76345460000053
88.52081659999921
83.33329999999877
68.25742080000006
96.62382660000175
94.93485219999988
101.08242519999784
99.28125090000218
94.56088880000178
97.76058200000139
99.45791980000081
95.7451300000007
94.12733619999881
88.96941199999952
95.88739260000023
100.70355720000086
105.36118400000082
103.07081900000152
101.0824749999997
96.97969119999912
93.10806049999991
88.2131330000001
88.6056269000003
90.0873770000016
93.96803060000094
91.62034760000034
91.35236920000098
89.73674779999968
100.25577660000057
90.90910000000038
95.11186090000211
91.52269200000133
90.08329810000005
94.78092770000055
89.46655720000105
97.59821840000087
100.16700000000104
52.420854900000855
89.63917820000007
92.72229320000125
90.07189270000104
94.5678481000012
89.00323680000153
92.2543000000006
87.35109670000033
94.70089590000048
90.86101570000132
91.83224590000022
89.33823090000003
85.79915749999955
89.00457499999973
86.7483822999985
