84.6262
83.12013710000008
86.31380680000117
88.79101149999939
90.26936639999764
84.40757509999862
85.12521319999944
85.83470960000085
82.70486629999874
84.48544439999897
87.53091219999995
84.89211599999902
83.43859149999908
81.28598699999935
80.97169999999939
42.07168450000086
84.62922239999969
82.57847159999838
87.57311700000027
63.12297039999999
79.93751759999901
85.22729999999893
47.887756199997746
106.79700099999987
98.65782790000033
94.33454800000075
90.43338579999988
92.42186779999975
83.98432280000048
82.98929189999858
83.33229939999924
85.91934580000056
85.78833019999925
