76.9231
85.73853210000087
85.20302650000045
94.95906670000025
93.33939359999815
93.662614600001
97.71970200000108
92.69224900000012
100.27982889999772
96.71072499999936
92.72452470000063
89.99341660000141
91.84082420000011
100.39129250000079
93.69378550000008
92.57222440000001
95.75033810000144
93.00635610000005
92.7139684000015
92.8486878000001
91.47273580000058
92.64176560000043
94.590203799999
100.3541103
96.12563290000173
92.10727840000065
97.17886680000028
97.57379600000101
99.54760450000097
92.60189810000118
99.46408900000193
96.72845440000128
99.09834750000108
99.45727299999976
99.18336490000065
98.51242150000145
102.41982879999946
102.91258060000126
96.85513359999864
100.30582730000229
98.52940939999996
96.69754640000197
109.04895600000104
100.22517600000182
103.32244700000048
103.36200799999881
106.79038899999782
104.08436560000109
108.83429260000013
98.68387359999993
95.68528369999873
98.84155960000031
107.87764300000114
98.32162770000144
100.06108920000098
105.46916500000094
100.73807300000175
107.526931999998
101.66584560000136
99.61966660000164
103.56860800000099
104.90702700000105
98.21430500000133
97.45998709999934
96.3695988
99.18044210000092
104.45209390000092
101.65235119999876
97.96460399999964
91.75232420000148
