99.8336
97.87929470000114
88.80001120000168
82.86889310000035
82.96616380000074
92.07831220000017
99.98996459999937
95.04195950000246
89.41754319999997
85.33526440000146
75.86294219999994
80.92442489999914
91.21362359999834
98.60485900000162
95.41327890000132
84.35700079999927
77.31858459999833
86.51054500000033
88.93319560000099
90.19537060000003
94.13296570000051
95.80616140000177
100.4671264000022
96.38895250000121
87.84769999999878
87.84769999999878
33.44700619999891
80.86204150000006
111.73504400000287
105.64643799999887
102.24229279999992
95.2243245000014
94.40586640000149
74.21672800000051
98.41852730000032
110.11826399999774
109.12494519999863
91.1540687999994
113.04284800000168
102.57187900000017
98.0091384000009
101.86859379999862
101.61969999999984
101.82968630000055
106.05231870000082
99.41016030000193
95.24940900000055
101.4403439999999
105.0954640000018
103.93856000000045
100.05065250000102
97.80593500000074
