83.1025
86.22323330000171
88.62184860000006
89.74865480000202
85.31743759999793
78.21838130000089
71.51370000000095
71.51370000000095
33.66055940000073
80.45850030000143
78.44053050000007
79.23189450000065
76.95046120000082
70.07681519999971
74.644773900001
75.58122099999876
75.07328000000079
74.90640000000077
44.996909800001006
73.3613962000013
82.52355999999892
78.20337520000145
75.83945139999994
74.83562319999915
75.25313100000103
78.21503399999965
83.06137419999877
80.76217999999935
80.3002197999986
78.39975739999961
79.91206199999826
77.53520000000042
77.69135539999941
82.47378789999914
88.85344349999941
81.70976180000233
74.15657730000034
