82.1918
76.41591530000012
80.80735049999811
80.95744180000035
77.75714160000066
78.54524639999981
78.26271599999983
78.44764599999833
77.69269220000032
79.24825979999957
76.37429499999917
78.56035979999898
83.45171679999896
88.45161459999953
77.82918109999933
69.19088800000075
66.71442039999987
71.25719759999934
69.73054229999866
67.74718779999965
69.12440000000052
50.74724960000132
64.6089008000002
80.1142719
87.49701499999945
86.61361649999992
76.30734400000068
78.04945559999956
72.37813860000105
69.88756740000066
71.56427939999966
72.46379999999903
51.64150119999963
69.98154420000112
73.12647899999959
78.41452419999969
77.81983329999996
78.20926639999979
81.28786639999917
76.76807049999859
77.95393009999957
80.65298240000016
79.93844300000033
75.4887448999992
74.60254209999997
75.09121199999939
71.01422200000027
73.65380539999987
73.47736199999984
73.08159999999975
54.51633439999985
76.56215339999946
78.33808569999933
81.47343999999875
82.17429050000067
77.59862699999961
74.98965039999898
75.27437660000008
71.89119199999946
71.54791999999973
74.55240359999978
76.27555680000043
74.50560750000106
77.04102220000006
81.51830479999975
74.76944089999878
81.40832719999949
71.62912990000054
69.65909399999926
73.13230199999892
