93.75
104.9689910000006
106.51406600000196
114.80659199999828
122.27939799999919
116.20673600000211
111.13303199999974
106.50841900000091
106.40435700000025
100.16253600000078
103.3481250000014
112.36200399999724
115.10479899999838
115.80798200000105
119.14983500000017
119.28283299999921
112.12943000000173
97.4279858999987
91.80676800000089
90.33513129999992
95.6181824
97.00856200000065
100.42388079999756
102.32523520000143
95.19775980000011
93.75
72.2207226000015
153.1438840000001
96.86360360000025
105.23661440000001
100.61704159999998
97.57653200000203
93.51540100000105
