25.9516
82.87237099999963
82.93821459999886
73.17320719999934
68.3704112000003
76.02338190000069
85.28043919999942
87.28287280000018
75.64894139999996
77.60553960000053
88.46607430000054
81.12116199999888
77.2568606999998
72.70862879999946
80.36269360000101
89.55592489999947
79.01509339999873
74.67087140000062
77.73914100000047
74.90640000000077
71.20966960000041
45.73677999999997
88.28595179999878
89.99570030000201
94.96544140000103
85.90349700000063
78.44886939999913
74.1655999999994
71.74861590000043
74.48404000000025
75.8827029
80.09753910000084
85.32535120000044
88.23530000000025
77.46026280000052
97.89642599999921
86.09218399999857
68.90950919999868
65.81761799999923
68.75295359999937
65.41198919999873
71.23060290000024
79.54209959999957
83.32355390000133
88.59317049999979
88.35585800000017
88.36520000000017
42.7960095999987
99.39981549999916
64.78254349999956
68.98036920000008
78.31567519999997
78.00441649999986
81.6847479999989
83.04626479999877
79.85742249999893
