73.1707
80.35632019999917
72.6647309000012
71.838129999999
73.04924539999911
70.94642319999907
76.54062720000024
77.59500679999955
78.39930740000086
75.77295899999898
73.26193149999962
72.27874480000091
75.79362759999994
79.15561979999968
82.19645739999953
76.95203309999988
72.54322490000096
78.18888959999997
77.49138979999867
79.2924449999995
84.54313799999991
82.38079030000054
83.6162659999986
79.84909000000046
76.69742960000096
78.68204130000125
80.36865509999971
78.7632397000012
76.18425559999903
75.94939999999895
48.0147096000013
27.026999999999326
27.603254799999476
69.01310169999934
82.66645599999836
82.43743680000146
84.85846430000075
86.06371399999944
86.20546720000132
88.88969869999953
92.23704040000064
91.6521672000004
88.91365780000064
93.81138349999897
107.66347190000097
94.85598220000237
99.76466739999957
93.75
94.85406099999932
93.61751450000214
88.0673408000013
88.88532499999951
90.53419279999967
87.87589999999999
95.0598195999994
93.31490200000141
98.4222770000002
94.95865280000079
95.70015599999847
104.24020240000154
