71.5137
69.32134319999903
69.89979810000014
80.18325750000156
86.27447730000034
82.41842559999934
69.53079899999857
66.04784609999909
64.74083930000053
66.2731402000012
68.5433192999991
80.22692319999983
79.49681449999851
74.33468219999949
67.16223600000095
69.31989359999999
78.11743600000035
75.58544349999968
71.06667279999996
71.57242359999938
76.10798639999825
81.81186149999877
71.73730399999849
65.67290769999916
66.45333680000115
64.4360972000008
68.52951000000012
78.4886706999988
78.51506350000086
76.22796910000072
71.28560999999912
73.9183907999998
83.37566699999893
61.652734499998765
66.63782620000086
67.56624400000052
57.274636300000296
56.61388979999943
72.04208230000114
71.4447030999994
74.60146969999956
79.07694400000018
79.1784677
72.58625000000043
76.57383119999938
72.74984139999974
73.19744649999983
87.39852079999915
95.70661050000007
90.81889619999957
76.61888100000125
69.01516350000126
69.49924799999923
77.67925190000037
87.00713279999887
87.92402949999807
79.53393000000003
