88.2353
81.50472310000109
92.42926540000065
91.20579780000016
96.77419999999985
98.60965840000217
106.0989033999996
102.30050589999831
103.57969999999986
93.51052959999969
89.54663359999864
81.28931890000071
71.55627479999869
69.04881199999954
74.62663120000016
82.98023680000124
88.51072359999979
85.49586399999903
83.45961200000163
84.06190999999986
80.65973180000009
79.40473959999942
80.11253599999966
87.23891660000125
89.90633719999994
101.52596100000024
99.42340830000049
91.76195009999918
64.93540119999987
68.73359449999928
72.93704760000006
82.57470759999988
83.20891480000093
83.37371920000047
84.33762899999898
83.95888209999843
