65.1466
62.901270000000665
63.703620699999625
63.179312999998714
61.39970979999883
64.24892939999923
65.16815360000004
64.07055959999917
67.26069899999922
65.94702480000062
66.57796629999997
69.86459349999923
71.42859999999938
70.76552439999865
69.47400339999984
76.03758990000124
70.43902000000075
68.42316400000139
68.73187699999922
67.5834758999992
65.52516200000095
66.31515200000042
69.10963729999958
69.1260382000004
76.73504029999945
77.51856509999993
78.80912359999932
77.54733399999984
76.71688799999885
70.12666120000047
72.28919999999935
71.42770350000042
69.76852379999958
71.41726199999943
71.64320850000092
70.18215839999893
71.41174319999976
70.00985439999921
71.47838350000089
68.18865800000101
68.54252079999912
69.87855560000082
69.98018899999946
67.71203399999926
66.10858900000028
65.95219510000105
68.18161340000037
71.58968379999982
71.45490239999938
70.64580759999967
67.95819909999948
72.89196240000017
71.33686479999952
68.31032679999917
66.52012820000157
60.3580124000006
46.24997979999941
69.18897150000025
70.94924140000126
71.19766999999877
69.87414539999891
75.06090319999979
75.4917477999992
70.58819999999875
66.82326920000072
64.6710873000005
61.479396800000735
62.188440999999976
61.41454949999852
62.964559999998805
