75
71.81611499999867
72.11721730000092
69.53735249999947
63.206288999999785
59.64134250000023
62.92216359999971
63.28365820000098
66.66670000000114
71.94138470000038
72.8680333999998
72.4137186999994
73.80667160000051
80.7471888000007
76.70181390000093
73.47515890000035
75.99176060000009
69.44697639999937
61.22752839999898
55.04589999999911
49.52226849999917
51.58693519999966
75.76714450000004
60.383670000000755
62.93195400000058
68.46838619999954
71.2547320000007
68.34270300000071
72.54135889999928
71.68529599999908
69.65756800000003
67.70626999999911
74.1068158
73.70454200000059
67.75605689999976
70.14817799999948
73.04028739999904
69.7281293999992
71.18188919999956
63.78177579999882
69.09415079999911
70.79190030000059
69.84870000000092
