60.0601
62.077815700000826
63.73293040000198
62.74798959999888
72.53491579999928
65.85508240000091
63.232822999998895
64.85589480000075
66.19012810000052
63.87855589999936
62.75110719999955
63.534183999999804
61.544870699999976
66.73662000000121
68.40677300000092
62.16500399999934
58.39316240000107
57.93870719999892
59.17765900000011
69.16252199999838
70.13488799999863
67.07649599999965
70.43052239999895
71.20905230000005
68.78761679999894
65.31626880000141
59.93164900000014
68.46107519999953
75.71503679999891
64.72042999999947
66.48182199999981
64.53161320000066
63.59597999999934
67.41569999999909
67.83245839999962
69.379385499999
69.73148449999941
