80
75.63588570000084
78.53145650000002
81.82637970000022
80.77303659999802
77.54148100000059
76.92309999999999
45.493421999999796
72.35162659999952
76.52875149999906
76.61643280000139
74.62237219999929
73.64288349999943
71.42859999999938
71.42859999999938
29.45847780000024
60.43316050000089
77.79024319999974
74.63241770000025
75.76331759999897
75.7261980000004
75.4192154999988
77.9964032999997
81.04332200000003
77.07364999999986
76.14525249999893
73.46034399999965
75.38602139999915
71.61840119999876
69.76739999999863
48.63046600000168
67.55243869999931
74.14583599999976
74.45001540000003
78.28
77.06819539999994
74.22995139999861
76.29923240000082
75.0546585999988
75.01281639999998
73.84951329999973
79.71007889999821
77.99856040000004
75.58021440000049
78.89112739999939
78.00001499999999
78.10489430000048
78.37559480000057
78.64257890000053
80.79080019999968
82.7909219999987
79.37637799999987
77.90690800000081
72.28919999999935
58.27821599999846
58.18267800000036
73.24911000000122
72.9927000000012
48.934578199999606
45.07762550000025
78.6270967000009
78.37520560000088
83.37815329999879
79.27425349999996
78.96941820000067
81.94777999999937
77.6692139999998
79.70496339999893
81.67303259999844
82.76064760000163
78.27330809999941
77.48653600000081
76.48845399999885
70.25290899999955
68.18179999999917
56.6558374999993
35.71429999999969
33.699097199999734
28.900282000000356
71.42349499999973
85.20297680000017
81.32907849999863
81.30079999999863
47.035274399999665
86.33702869999868
83.26014880000159
78.19190399999863
75.54988150000092
72.77996489999931
72.78152770000106
73.90968119999995
73.17070000000109
52.208187999998025
70.54541040000115
75.16007020000026
78.63700000000122
78.0865410000012
31.487411799999624
