77.9221
78.55182559999979
78.32993860000077
83.33329999999877
82.13349999999778
81.19079999999812
62.47546469999971
58.22705200000076
80.05333140000035
77.7142156999991
76.44598699999888
75.29336460000009
75.96273509999921
76.95685540000076
78.7189747
76.830637099999
76.92309999999999
79.62067440000025
84.68957260000094
77.92210000000074
79.0625133999996
80.82273550000048
80.73203159999868
80.46478130000003
81.56211729999977
83.79831380000138
80.67836649999775
83.78811519999937
82.19180000000044
83.01824599999894
82.90141479999953
