80
76.15360869999994
75.49497199999998
74.49852559999928
77.23339700000093
75.27185599999939
75.95738020000096
75.35137050000085
76.6247262999998
75.43931839999902
75.05984999999905
74.72075199999915
73.34053920000086
74.30557499999972
74.59167809999911
75.93164800000017
74.25167730000062
79.0168719999996
76.49613009999888
77.10211209999967
80.84172080000178
77.33407399999844
82.3522404000016
84.86243989999873
85.6304087999999
83.65214159999877
81.82331509999948
78.68753760000004
75.29175709999997
72.82984199999984
71.67684500000011
72.32800399999974
72.93798400000098
73.24115299999978
77.91435919999866
76.54226500000021
