109.29
95.32120219999734
93.95184280000161
93.87017260000073
98.51786199999954
96.58204700000074
99.60814900000082
99.6947256000006
100.01003840000136
94.32738280000089
96.63618330000057
103.52469239999782
100.014286
107.1656759999992
107.22398100000197
109.46105599999905
109.09100000000032
102.03215600000195
100.78941119999917
96.8875
93.18032600000012
94.25314399999799
79.08020939999962
86.64428999999916
107.1429999999975
106.06341899999697
109.43749000000054
108.02916099999938
103.96043600000085
101.69500000000231
98.92832170000136
93.48106000000111
92.94386229999836
91.69424500000143
92.82530610000036
87.08269999999928
82.20606879999934
30.113068999999967
90.1991512000019
98.89280400000149
94.69136190000036
96.12451049999967
93.5476435000002
95.10489299999999
93.1475830999984
94.39047010000066
94.94455899999994
98.48325800000079
95.34072919999991
96.77419999999985
52.11501199999827
32.60870000000047
32.922570800000344
53.80914639999982
101.73099249999805
94.29731309999997
93.75
49.75653200000059
66.88663999999989
98.3410283999998
101.12640400000045
108.22506799999984
