90.9091
84.72057799999891
87.53197669999929
79.55909679999844
74.2516143000015
73.17070000000109
53.099072000001186
121.5146210999979
136.9736160000022
89.35801419999977
77.41169200000033
76.47820750000005
80.93784940000039
79.85162079999945
80.69026720000146
77.6076136000009
76.76246580000179
74.74410859999922
76.85948799999933
81.41936830000192
85.20240479999889
76.91891280000084
69.10140439999923
68.86864279999912
75.90720150000047
85.15431299999955
85.83689999999928
63.53813849999948
154.95881170000158
70.66229439999918
