81.3008
78.57457340000009
72.3277954000002
69.68639999999947
43.9669230000011
78.77390629999866
80.01851740000012
79.83582420000003
82.25634959999918
75.99803199999947
70.40489979999973
69.5340470999985
71.45740939999942
78.42251999999921
80.74162000000017
77.07167600000102
70.50656519999889
72.87276039999895
73.6333559999998
76.61516500000089
75.57052710000013
81.87087800000121
79.28538439999798
75.02172480000037
82.50623019999995
86.27295160000016
84.183429600001
77.69631849999944
80.34689399999881
79.32256179999966
80.01633790000093
77.8680124000011
84.25771429999894
85.57849119999857
85.78958709999937
83.07267180000126
87.73693670000007
86.14627729999927
76.10802849999847
73.3988244000001
75.0
76.35721899999888
77.92294240000125
77.62439730000105
83.58949340000059
79.00595199999816
78.08191070000099
78.35993379999957
78.46913359999856
80.0487272000004
79.80121840000072
78.94739999999975
79.02082399999806
78.89160179999952
77.84472199999855
75.37311420000022
75.82710899999981
