119.76
95.27692780000085
94.22687900000078
89.88815759999916
91.7986968000012
96.0655890000015
70.21755000000033
112.98608859999705
109.02314099999806
111.66460799999946
113.38845099999953
112.88568000000029
111.11100000000114
113.64646600000196
119.45364000000174
109.78722399999728
113.5117559999982
111.26007500000094
110.94657200000135
118.74249699999977
113.76206599999973
113.81415800000211
112.11327400000285
107.21461499999761
111.94885699999782
113.33735999999892
113.84048900000282
115.05172900000231
111.44245599999697
115.75894999999844
116.06544699999837
116.41213999999871
117.83619500000289
109.26545000000223
110.44424299999751
115.19574000000159
115.32450100000166
116.90033899999901
121.28973100000043
121.83718099999982
117.03173599999751
125.44015600000158
115.3421609999998
