92.4499
39.26803019999888
77.5271228
61.717362599998786
60.776670599999996
75.78599949999894
67.51665859999886
56.03319280000069
76.35966060000081
72.76553039999938
73.08043099999963
72.2309099999996
72.28919999999935
66.23907719999934
59.6455474999997
124.47717500000196
126.05000000000203
44.760399999999876
62.6643384000008
69.3727996999987
63.00668729999899
45.43468799999941
67.35462319999962
62.5
56.0
24.226383600000297
45.2363965000001
63.98317030000091
68.18179999999917
56.56020980000013
51.59782279999918
68.18179999999917
65.6487926000008
63.94341690000094
44.57547599999923
76.00384919999892
75.3664684000002
73.59938049999961
66.56356640000136
73.38399839999902
74.74066550000099
71.17768039999963
74.80555599999897
73.9219361000008
74.70485650000022
72.50978380000042
75.43593999999968
74.0360297999998
80.0
56.66783659999852
70.02781579999925
67.82550720000036
69.76739999999863
71.72222550000026
72.46044750000001
69.68639999999947
56.063010399999264
131.36863839999856
90.45800419999762
65.55125719999955
