92.1659
76.65731869999851
76.72325600000111
73.43949530000027
79.58301330000076
78.93047470000012
78.9180176999987
80.31296800000095
80.26816030000053
80.71047199999884
85.89787799999871
81.30703000000008
83.4147080000014
82.64595599999946
80.4111447999999
68.0092409999996
62.17267950000007
77.62069280000081
79.16866280000018
75.96064760000093
79.60559219999813
78.55084099999968
81.39034629999972
77.60528910000002
76.36317429999949
80.62753349999936
76.61643300000097
74.39120319999962
69.50232499999926
68.9654999999992
38.67971670000001
73.30807319999994
81.08110000000026
79.79021149999956
78.40180100000075
79.13649149999786
75.51440640000129
80.9464199999989
72.47912059999948
76.92309999999999
78.19369509999808
75.93693000000077
79.28130719999845
78.00315559999918
77.42889810000086
82.32175360000018
79.99487159999985
75.18180139999926
72.60518090000039
76.54647129999985
76.43876840000098
77.3801006000008
73.63336459999894
79.12116799999953
74.43604299999984
80.50249079999905
76.60579999999938
78.02394259999966
77.84637300000004
75.1576942
76.42106400000003
76.73685600000003
77.44539780000082
80.30825099999856
77.41261000000014
76.9940653000011
75.27612090000036
78.49722739999915
76.52583040000023
75.47610890000084
75.21121119999952
75.23694319999905
74.03598619999906
75.55933759999895
74.48263279999915
77.83298879999997
77.96001529999998
74.25969280000068
73.80070000000059
43.81413560000082
70.15301119999849
78.94557879999994
80.55365600000052
79.3959041999995
82.60616449999968
84.75213520000054
83.34815779999937
84.15882650000012
84.42286520000071
85.3088059999995
87.34653400000022
86.95650000000022
58.134495900000815
64.61547359999877
74.08499140000114
60.2544066000003
68.15286080000052
81.15327879999954
82.91053059999976
80.3275732999999
78.14412550000006
85.79834089999952
82.72279609999906
