72.2892
74.12908319999966
70.71044249999952
73.10516699999991
72.59981099999976
70.58819999999875
70.58819999999875
96.5398361999984
120.80903340000317
76.47270249999994
70.98394969999887
75.41153180000062
75.70303550000023
71.678565800001
71.40961289999967
70.38480879999973
68.34942159999969
70.06669659999952
73.49773080000143
70.66156249999855
77.15634800000082
76.7767495999997
75.26770559999973
76.12606919999996
70.29430639999852
70.06703440000089
72.93255349999954
67.05676700000012
65.14660000000002
40.147249999999985
68.0430459999992
74.39450170000079
72.75766399999965
74.24177959999999
