82.3045
74.08079930000018
80.68127509999968
78.00123100000056
80.01520879999966
76.75563880000087
78.33293999999947
81.71600700000165
81.12013379999892
82.38307400000004
78.30556220000086
76.16815300000097
74.85424699999942
75.3476030000001
79.06462239999999
77.49330180000067
78.22530000000039
77.02180000000106
78.48810919999995
76.42436119999991
77.92210000000074
78.84236560000157
77.66138619999998
76.9013521999998
77.90550519999806
76.23671240000007
77.28759400000037
77.59035799999839
77.47858630000005
76.66123770000175
76.60170499999855
77.69354460000008
79.24001199999941
77.64246539999887
77.34840199999873
78.30882599999977
78.03026700000034
76.34836600000055
77.95984639999992
79.27381399999966
77.09163799999986
78.31068870000085
76.32979979999911
77.30425120000103
75.76005559999938
78.00058240000006
76.14951999999921
76.02565710000022
76.81344259999868
75.80113859999855
76.95191039999881
75.94939999999895
76.56575210000015
76.11633649999891
75.43788019999884
76.65897359999884
77.43316649999974
76.96023929999969
76.35623499999973
76.92309999999999
74.76850149999919
78.76348639999853
76.26745499999959
78.03193250000007
76.52098639999917
78.52348749999875
77.74871519999998
76.52754059999992
77.31403700000227
