25.6301
68.90880930000088
66.82937140000081
68.23899120000041
67.61818280000004
67.80000839999983
70.62692640000095
68.87483519999917
65.656131200001
67.10940230000136
70.89120420000162
69.1214585999995
65.38551590000003
63.877469599998896
66.05924130000072
71.68407200000095
72.93729320000006
68.56282929999905
67.13186559999876
68.45870479999991
66.51557650000018
63.82979999999961
50.77618739999999
124.80074900000159
76.07284400000144
67.32801119999911
67.05078219999952
66.95216839999995
71.04724800000058
70.42226249999834
66.15975690000054
68.90093549999867
71.11716049999987
68.46436159999952
67.83499719999979
73.40925539999903
79.89198950000133
74.14693399999979
73.7582679999998
76.87262449999896
73.69510139999903
72.76055850000128
64.35283469999987
67.80984060000031
76.39532299999881
79.65574809999988
73.72600799999941
70.31674650000002
67.90060450000065
73.41163999999871
78.39445249999925
76.73425000000162
71.87179800000105
72.88796699999979
69.68340569999899
72.48585500000105
65.59915840000093
65.21740000000094
76.00714840000018
136.584979999999
148.93461219999554
79.99200160000059
73.96885399999977
72.18929699999973
68.3490467000006
68.70735699999912
68.18179999999917
67.84084119999999
70.7351072000002
68.98870399999814
