80
76.98079440000045
82.01477869999987
125.98721550000329
95.93390270000164
109.32425380000232
104.36591559999997
102.20016319999844
99.44034860000158
103.37430799999964
109.50983500000022
109.49289899999869
112.10946499999807
117.64699999999817
110.49535800000147
115.94501999999733
118.22067899999959
117.91801299999865
121.88093699999824
119.58280299999674
123.70678900000046
121.73014499999955
120.84134400000329
113.29201900000056
108.01047400000112
110.91615299999998
107.07501399999924
110.24489600000067
118.09712300000031
86.92454840000022
119.71593359999889
121.48850599999888
119.27885600000137
120.58411299999788
132.18713100000093
