78.9474
83.26180500000008
82.40113839999843
83.56884620000137
82.95917189999925
74.08646039999975
74.2949895999985
75.75847059999977
83.8458345000013
88.44468240000161
82.58027190000216
88.51429720000014
87.81538700000037
93.61974360000208
92.2626066000008
91.73485980000005
83.65100200000057
54.99446999999981
81.9572058000001
81.51191929999777
85.81161070000128
87.88565739999977
84.92361159999946
80.43676439999984
76.97975539999877
79.01756120000007
78.62814740000057
75.48844720000115
79.1275823
79.21498450000021
79.35728800000018
75.69875749999956
80.01944479999946
77.0797571000011
72.60733690000013
74.03481369999922
79.6544388000002
75.94551760000071
74.3623761000011
83.06222479999987
88.40663439999955
76.62341980000068
72.06346500000024
72.24703679999938
76.14232139999999
74.08061199999963
71.25137299999902
78.5351476000007
83.7199589999995
90.92946930000204
82.89268120000018
80.83572979999981
83.18334429999922
77.35946679999985
77.63904240000114
82.7617305000001
83.80709599999898
83.02889779999921
82.7602669999994
80.13597889999974
75.38524999999967
77.18399599999853
81.11778320000042
79.57473380000091
83.96827169999915
86.14128000000017
86.95650000000022
40.782598500000105
25.24377900000023
42.783410999999795
102.18342299999911
176.5574799999998
179.46590799999814
174.2114700000001
178.691835999994
178.75914799999822
177.94646499999638
179.91637999999543
155.2851043
69.08159680000094
80.08321669999992
79.6003566000002
75.95157940000156
74.32846640000061
76.2506123000002
84.69461239999949
83.6426133999986
77.91347569999832
81.30645759999884
77.20002200000023
82.56233880000018
86.37461750000006
78.89039299999882
84.52352879999879
83.24753120000035
