71.4286
72.37002199999856
73.07925229999934
71.425176300001
71.86377619999992
71.66290819999962
69.31521439999922
68.18179999999917
40.278068
66.76342699999874
70.59199000000004
72.86094199999891
69.03963599999904
69.06426599999942
71.82023219999928
71.75566730000114
70.19156799999976
70.58819999999875
70.63986719999986
73.48060920000003
77.97016879999883
76.57822400000019
74.40093909999923
74.8114657999999
73.86360780000022
74.37387709999906
72.34529399999856
73.9055476
78.77585079999857
76.21358799999949
73.56616399999992
75.50297619999895
