77.0218
75.94939999999895
76.77664720000048
79.40277359999966
86.86913330000144
92.30770000000071
83.53846850000025
93.00945400000052
173.94324999999986
154.90573599999598
160.28602899999657
177.45823900000056
109.38816279999928
96.18070450000027
97.78571650000107
91.33291989999896
83.90715499999942
76.72629999999984
71.14444660000036
97.73141579999947
123.75928099999841
40.29550000000016
38.621624500000635
61.54003449999935
99.8536952000007
92.06270410000201
86.88067639999993
84.48914149999935
82.85153819999886
91.43557960000118
83.15137050000122
82.11095259999937
92.93091969999857
90.11488480000031
87.82834920000164
89.6861000000012
81.43497880000062
32.06928119999993
97.1709553000011
94.16071819999782
80.10679999999971
72.86373440000075
85.60986139999947
84.80450649999915
88.25433710000169
96.53560449999922
93.75
85.03125
100.14270179999986
155.19045500000107
126.22885399999939
82.02914859999953
83.20996060000049
93.81718859999988
93.29558449999854
93.49690810000236
92.57075260000062
