70.6714
78.47311500000113
70.9740402999989
72.28919999999935
55.8352751999983
63.98461950000001
75.16334279999992
69.63211830000041
73.32472559999964
75.0
80.09782300000003
86.84291239999864
94.03806410000054
97.18571710000137
89.96003109999923
80.62164240000097
70.98127319999875
69.0852615999991
79.45953479999909
83.28688959999916
81.28900200000008
81.25289120000055
86.01474180000018
86.74035720000138
86.34036879999995
94.50551170000156
94.14453160000132
100.96689800000162
92.2776793
92.02640720000109
97.67251419999896
100.06068319999835
99.4351640000013
96.46291640000172
