92.1659
91.30002499999937
91.80165600000188
91.77362720000043
94.17262039999987
101.81936600000019
103.53748800000213
103.94365599999973
101.41077439999891
103.98600000000091
103.98600000000091
54.82209200000047
105.25305900000059
106.31145200000155
106.4255039999975
116.11395500000015
119.61248499999996
112.84117899999879
102.352224899998
99.9768892000029
95.01028369999922
98.48365849999908
97.14003360000098
97.58471640000178
97.72782000000109
103.32252500000003
103.86304200000193
106.3158099999977
106.43229599999938
111.68389799999694
103.02782700000071
106.5527380000005
110.53311099999905
110.0920000000009
110.0920000000009
38.86294250000106
88.55525719999832
120.34433599999974
111.64533499999852
116.33125999999974
115.05394400000293
115.6131899999982
118.59340999999765
130.410626
132.6598319999966
110.54433299999964
125.68034799999822
97.37345500000121
113.28665600000204
112.99400000000205
53.84387399999952
99.99003380000059
120.50857599999638
129.3962409999978
124.71203900000172
124.10942600000062
121.6136519999994
132.61004099999673
125.3428039999985
123.66052800000003
123.22105999999997
131.5164830000012
121.28016399999662
126.87587700000083
121.100826000003
123.78205000000017
123.27786799999757
136.9055060000002
108.89299999999749
80.9795553999992
