88.2353
44.922809299999976
74.05674710000063
79.0103128000003
77.74743019999949
75.83477219999868
74.9607499999998
75.18799999999979
63.98498800000044
80.9868198000002
98.46491640000053
84.65981660000044
79.82674760000016
83.40412099999833
90.34128500000183
86.84092629999833
73.21458599999943
70.659465999999
74.93708799999999
82.85990760000072
92.30770000000071
74.83459800000115
69.84870000000092
45.89797339999886
173.3783829999963
127.51755160000071
79.1446218
73.99303299999906
75.73595590000019
75.21661520000046
80.26851400000018
90.25144030000162
76.89394349999938
71.78979900000047
68.28102700000106
70.01170000000114
63.93212650000071
26.37359999999984
68.30277320000019
85.71430000000137
75.74994100000121
26.536899999999427
70.68259049999973
68.28966989999901
74.943080299999
75.76778859999939
73.4029283999994
70.58819999999875
64.79143379999886
26.37359999999984
63.31923750000049
83.9161000000011
45.3708522999998
63.82767129999924
66.44691420000024
69.5351685999995
74.07012619999952
