54.1028
73.6782063999996
74.4232279000005
70.50529999999917
52.80233749999959
72.39947710000116
76.56039999999898
77.92210000000074
50.7322359999998
67.99335219999924
74.94372299999883
85.57247900000027
87.1912667999995
74.3821829999998
76.33936619999959
76.73143389999987
80.7289475
74.71941420000051
73.03707299999945
76.5238906999993
74.27594619999965
75.0
83.3077741999996
105.65581600000192
105.26714400000198
95.36044870000063
86.25892319999943
87.79163899999999
86.5997132000004
79.03706239999892
79.98765800000028
86.75581070000003
102.89457270000109
98.81598399999798
77.56184799999815
