84.6262
86.49915900000018
88.38153929999947
90.17981400000096
70.3306758000007
98.24235599999848
106.60304699999817
108.07470500000149
100.16700000000104
59.36304569999886
79.88044999999838
75.77569960000022
82.30002720000017
93.46679489999858
95.37631170000186
94.45659189999971
94.35660260000076
62.99873840000017
53.4295976999995
111.31699999999873
111.31699999999873
41.00734119999942
105.89867990000248
80.89246549999793
78.75691120000045
79.0657300999997
90.8523847999994
98.74593550000085
69.75327339999936
50.5153250000011
89.47867599999906
99.60083200000204
87.13977799999994
75.04608750000078
74.99752500000076
87.27934800000111
87.14445850000023
89.7363666000003
93.37680300000073
89.71704800000028
88.34905109999914
84.71141739999882
83.67266560000036
86.95650000000022
88.05178380000062
96.87164459999993
99.66779999999929
