83.3333
52.54602879999943
74.88344859999954
75.45969169999901
82.69091780000068
86.66471700000164
84.40148690000207
84.63650029999982
85.51073120000028
88.38869520000115
86.04160939999981
82.24620320000044
82.19180000000044
46.829283599999584
102.87943700000312
79.97369449999995
83.28097059999955
91.53737679999824
86.72389119999805
86.70519999999804
41.68793619999894
112.26775649999806
87.26187359999815
88.71206320000066
84.2291610000014
81.35136120000033
82.25875449999876
82.22428670000157
85.42253779999844
91.79980299999922
94.44061030000107
86.0385943000014
58.35081539999906
85.55748920000137
60.86072159999914
75.12437040000032
