84.507
83.64218110000036
84.23109160000038
80.39014040000002
80.81118399999943
79.26939039999964
76.92309999999999
64.41245640000076
76.06693849999948
99.2937906000009
97.077133500001
94.49973399999872
90.26703849999959
87.69053120000025
86.90891079999926
82.9157520000006
78.27582850000081
79.003949099999
80.0
83.17357319999917
80.98609439999969
84.54306459999904
83.05039430000025
87.83330839999837
87.83926709999993
83.98776789999924
82.63553710000078
87.42580420000002
85.84329200000016
85.18763080000096
85.04763520000115
88.7355439999999
86.69841840000083
86.29467559999885
86.80436449999986
84.52141900000099
84.73582069999897
84.77049350000031
