82.0793
39.069315999999446
108.73227130000086
82.78630259999868
78.77196200000081
72.58069970000194
76.47971600000045
79.34551920000034
82.96520209999923
89.07940780000116
90.39312789999936
88.69415000000122
84.92582800000032
83.40386019999896
78.30653949999869
81.03631440000038
84.62128700000035
85.73673429999873
87.5983876000013
86.36247140000103
85.51367790000208
89.41751979999971
85.18594610000031
84.68094599999914
85.04350480000126
82.93221249999857
82.60905140000025
86.4590885999995
80.66281200000117
85.90781729999998
84.50295750000136
82.21154279999992
84.82858350000133
84.74761399999917
80.52437359999777
79.4534534000006
83.71105739999982
81.15756089999796
81.05301690000016
85.04707359999928
82.24273600000069
85.23883069999985
80.81534960000012
74.52077899999902
57.263501500000295
82.97715199999901
82.76136699999846
83.57920800000122
85.3433371000006
85.32051639999828
88.54818750000024
80.72537860000052
76.31564080000051
78.5869519999997
76.41113739999952
81.54648330000059
84.00513999999988
83.79736840000075
85.75746500000031
86.8947223000003
91.03947290000048
85.68624699999901
67.68155859999928
60.134918000000006
78.33576449999921
80.76737539999974
81.97962199999932
86.99173270000088
90.22114859999897
84.41475949999891
